Record:;0
YOffset:;-8.400000e+01
YMult:;8.000000e-04
YZero:;0.000000e+00
XIncr:;1.000000e-04
XZero:;-7.000000e-02
XUnit:;s
YUnit:;Volts
    1;-7.000000e-02;1.440000e-02
    2;-6.990000e-02;1.360000e-02
    3;-6.980000e-02;1.520000e-02
    4;-6.970000e-02;1.360000e-02
    5;-6.960000e-02;1.680000e-02
    6;-6.950000e-02;1.680000e-02
    7;-6.940000e-02;1.520000e-02
    8;-6.930000e-02;1.680000e-02
    9;-6.920000e-02;1.600000e-02
   10;-6.910000e-02;1.680000e-02
   11;-6.900000e-02;1.600000e-02
   12;-6.890000e-02;1.520000e-02
   13;-6.880000e-02;1.680000e-02
   14;-6.870000e-02;1.520000e-02
   15;-6.860000e-02;1.600000e-02
   16;-6.850000e-02;1.680000e-02
   17;-6.840000e-02;1.600000e-02
   18;-6.830000e-02;1.440000e-02
   19;-6.820000e-02;1.600000e-02
   20;-6.810000e-02;1.600000e-02
   21;-6.800000e-02;1.520000e-02
   22;-6.790000e-02;1.440000e-02
   23;-6.780000e-02;1.520000e-02
   24;-6.770000e-02;1.520000e-02
   25;-6.760000e-02;1.600000e-02
   26;-6.750000e-02;1.600000e-02
   27;-6.740000e-02;1.600000e-02
   28;-6.730000e-02;1.520000e-02
   29;-6.720000e-02;1.600000e-02
   30;-6.710000e-02;1.520000e-02
   31;-6.700000e-02;1.520000e-02
   32;-6.690000e-02;1.520000e-02
   33;-6.680000e-02;1.520000e-02
   34;-6.670000e-02;1.680000e-02
   35;-6.660000e-02;1.440000e-02
   36;-6.650000e-02;1.520000e-02
   37;-6.640000e-02;1.520000e-02
   38;-6.630000e-02;1.520000e-02
   39;-6.620000e-02;1.440000e-02
   40;-6.610000e-02;1.680000e-02
   41;-6.600000e-02;1.600000e-02
   42;-6.590000e-02;1.600000e-02
   43;-6.580000e-02;1.680000e-02
   44;-6.570000e-02;1.440000e-02
   45;-6.560000e-02;1.680000e-02
   46;-6.550000e-02;1.440000e-02
   47;-6.540000e-02;1.440000e-02
   48;-6.530000e-02;1.520000e-02
   49;-6.520000e-02;1.440000e-02
   50;-6.510000e-02;1.520000e-02
   51;-6.500000e-02;1.600000e-02
   52;-6.490000e-02;1.680000e-02
   53;-6.480000e-02;1.360000e-02
   54;-6.470000e-02;1.440000e-02
   55;-6.460000e-02;1.520000e-02
   56;-6.450000e-02;1.440000e-02
   57;-6.440000e-02;1.440000e-02
   58;-6.430000e-02;1.520000e-02
   59;-6.420000e-02;1.440000e-02
   60;-6.410000e-02;1.440000e-02
   61;-6.400000e-02;1.600000e-02
   62;-6.390000e-02;1.520000e-02
   63;-6.380000e-02;1.520000e-02
   64;-6.370000e-02;1.520000e-02
   65;-6.360000e-02;1.520000e-02
   66;-6.350000e-02;1.520000e-02
   67;-6.340000e-02;1.520000e-02
   68;-6.330000e-02;1.440000e-02
   69;-6.320000e-02;1.600000e-02
   70;-6.310000e-02;1.440000e-02
   71;-6.300000e-02;1.440000e-02
   72;-6.290000e-02;1.360000e-02
   73;-6.280000e-02;1.440000e-02
   74;-6.270000e-02;1.360000e-02
   75;-6.260000e-02;1.360000e-02
   76;-6.250000e-02;1.520000e-02
   77;-6.240000e-02;1.360000e-02
   78;-6.230000e-02;1.520000e-02
   79;-6.220000e-02;1.360000e-02
   80;-6.210000e-02;1.520000e-02
   81;-6.200000e-02;1.520000e-02
   82;-6.190000e-02;1.440000e-02
   83;-6.180000e-02;1.520000e-02
   84;-6.170000e-02;1.440000e-02
   85;-6.160000e-02;1.520000e-02
   86;-6.150000e-02;1.520000e-02
   87;-6.140000e-02;1.360000e-02
   88;-6.130000e-02;1.520000e-02
   89;-6.120000e-02;1.520000e-02
   90;-6.110000e-02;1.440000e-02
   91;-6.100000e-02;1.520000e-02
   92;-6.090000e-02;1.520000e-02
   93;-6.080000e-02;1.600000e-02
   94;-6.070000e-02;1.600000e-02
   95;-6.060000e-02;1.600000e-02
   96;-6.050000e-02;1.600000e-02
   97;-6.040000e-02;1.520000e-02
   98;-6.030000e-02;1.520000e-02
   99;-6.020000e-02;1.600000e-02
  100;-6.010000e-02;1.520000e-02
  101;-6.000000e-02;1.440000e-02
  102;-5.990000e-02;1.600000e-02
  103;-5.980000e-02;1.360000e-02
  104;-5.970000e-02;1.520000e-02
  105;-5.960000e-02;1.680000e-02
  106;-5.950000e-02;1.520000e-02
  107;-5.940000e-02;1.600000e-02
  108;-5.930000e-02;1.680000e-02
  109;-5.920000e-02;1.520000e-02
  110;-5.910000e-02;1.520000e-02
  111;-5.900000e-02;1.520000e-02
  112;-5.890000e-02;1.680000e-02
  113;-5.880000e-02;1.600000e-02
  114;-5.870000e-02;1.680000e-02
  115;-5.860000e-02;1.520000e-02
  116;-5.850000e-02;1.600000e-02
  117;-5.840000e-02;1.520000e-02
  118;-5.830000e-02;1.600000e-02
  119;-5.820000e-02;1.520000e-02
  120;-5.810000e-02;1.600000e-02
  121;-5.800000e-02;1.600000e-02
  122;-5.790000e-02;1.520000e-02
  123;-5.780000e-02;1.680000e-02
  124;-5.770000e-02;1.440000e-02
  125;-5.760000e-02;1.440000e-02
  126;-5.750000e-02;1.520000e-02
  127;-5.740000e-02;1.520000e-02
  128;-5.730000e-02;1.680000e-02
  129;-5.720000e-02;1.600000e-02
  130;-5.710000e-02;1.600000e-02
  131;-5.700000e-02;1.600000e-02
  132;-5.690000e-02;1.520000e-02
  133;-5.680000e-02;1.520000e-02
  134;-5.670000e-02;1.520000e-02
  135;-5.660000e-02;1.520000e-02
  136;-5.650000e-02;1.600000e-02
  137;-5.640000e-02;1.600000e-02
  138;-5.630000e-02;1.600000e-02
  139;-5.620000e-02;1.520000e-02
  140;-5.610000e-02;1.520000e-02
  141;-5.600000e-02;1.360000e-02
  142;-5.590000e-02;1.440000e-02
  143;-5.580000e-02;1.520000e-02
  144;-5.570000e-02;1.520000e-02
  145;-5.560000e-02;1.440000e-02
  146;-5.550000e-02;1.680000e-02
  147;-5.540000e-02;1.520000e-02
  148;-5.530000e-02;1.360000e-02
  149;-5.520000e-02;1.520000e-02
  150;-5.510000e-02;1.600000e-02
  151;-5.500000e-02;1.440000e-02
  152;-5.490000e-02;1.360000e-02
  153;-5.480000e-02;1.520000e-02
  154;-5.470000e-02;1.440000e-02
  155;-5.460000e-02;1.520000e-02
  156;-5.450000e-02;1.440000e-02
  157;-5.440000e-02;1.440000e-02
  158;-5.430000e-02;1.600000e-02
  159;-5.420000e-02;1.440000e-02
  160;-5.410000e-02;1.520000e-02
  161;-5.400000e-02;1.520000e-02
  162;-5.390000e-02;1.600000e-02
  163;-5.380000e-02;1.520000e-02
  164;-5.370000e-02;1.440000e-02
  165;-5.360000e-02;1.440000e-02
  166;-5.350000e-02;1.600000e-02
  167;-5.340000e-02;1.520000e-02
  168;-5.330000e-02;1.520000e-02
  169;-5.320000e-02;1.440000e-02
  170;-5.310000e-02;1.440000e-02
  171;-5.300000e-02;1.440000e-02
  172;-5.290000e-02;1.520000e-02
  173;-5.280000e-02;1.520000e-02
  174;-5.270000e-02;1.440000e-02
  175;-5.260000e-02;1.600000e-02
  176;-5.250000e-02;1.440000e-02
  177;-5.240000e-02;1.440000e-02
  178;-5.230000e-02;1.440000e-02
  179;-5.220000e-02;1.520000e-02
  180;-5.210000e-02;1.520000e-02
  181;-5.200000e-02;1.360000e-02
  182;-5.190000e-02;1.440000e-02
  183;-5.180000e-02;1.440000e-02
  184;-5.170000e-02;1.440000e-02
  185;-5.160000e-02;1.440000e-02
  186;-5.150000e-02;1.440000e-02
  187;-5.140000e-02;1.520000e-02
  188;-5.130000e-02;1.040000e-02
  189;-5.120000e-02;1.520000e-02
  190;-5.110000e-02;1.600000e-02
  191;-5.100000e-02;1.600000e-02
  192;-5.090000e-02;1.600000e-02
  193;-5.080000e-02;1.440000e-02
  194;-5.070000e-02;1.440000e-02
  195;-5.060000e-02;1.520000e-02
  196;-5.050000e-02;1.520000e-02
  197;-5.040000e-02;1.520000e-02
  198;-5.030000e-02;1.520000e-02
  199;-5.020000e-02;1.520000e-02
  200;-5.010000e-02;1.520000e-02
  201;-5.000000e-02;1.680000e-02
  202;-4.990000e-02;1.520000e-02
  203;-4.980000e-02;1.600000e-02
  204;-4.970000e-02;1.520000e-02
  205;-4.960000e-02;1.600000e-02
  206;-4.950000e-02;1.520000e-02
  207;-4.940000e-02;1.600000e-02
  208;-4.930000e-02;1.520000e-02
  209;-4.920000e-02;1.600000e-02
  210;-4.910000e-02;1.520000e-02
  211;-4.900000e-02;1.600000e-02
  212;-4.890000e-02;1.680000e-02
  213;-4.880000e-02;1.520000e-02
  214;-4.870000e-02;1.440000e-02
  215;-4.860000e-02;1.200000e-02
  216;-4.850000e-02;1.680000e-02
  217;-4.840000e-02;1.600000e-02
  218;-4.830000e-02;1.600000e-02
  219;-4.820000e-02;1.600000e-02
  220;-4.810000e-02;1.760000e-02
  221;-4.800000e-02;1.440000e-02
  222;-4.790000e-02;1.600000e-02
  223;-4.780000e-02;1.760000e-02
  224;-4.770000e-02;1.520000e-02
  225;-4.760000e-02;1.920000e-02
  226;-4.750000e-02;1.680000e-02
  227;-4.740000e-02;1.600000e-02
  228;-4.730000e-02;1.520000e-02
  229;-4.720000e-02;1.600000e-02
  230;-4.710000e-02;1.760000e-02
  231;-4.700000e-02;1.520000e-02
  232;-4.690000e-02;1.600000e-02
  233;-4.680000e-02;1.440000e-02
  234;-4.670000e-02;1.360000e-02
  235;-4.660000e-02;1.680000e-02
  236;-4.650000e-02;1.600000e-02
  237;-4.640000e-02;1.520000e-02
  238;-4.630000e-02;1.680000e-02
  239;-4.620000e-02;1.680000e-02
  240;-4.610000e-02;1.600000e-02
  241;-4.600000e-02;1.520000e-02
  242;-4.590000e-02;1.600000e-02
  243;-4.580000e-02;1.520000e-02
  244;-4.570000e-02;1.520000e-02
  245;-4.560000e-02;1.600000e-02
  246;-4.550000e-02;1.520000e-02
  247;-4.540000e-02;1.520000e-02
  248;-4.530000e-02;1.520000e-02
  249;-4.520000e-02;1.440000e-02
  250;-4.510000e-02;1.520000e-02
  251;-4.500000e-02;1.440000e-02
  252;-4.490000e-02;1.440000e-02
  253;-4.480000e-02;1.520000e-02
  254;-4.470000e-02;1.360000e-02
  255;-4.460000e-02;1.520000e-02
  256;-4.450000e-02;1.520000e-02
  257;-4.440000e-02;1.440000e-02
  258;-4.430000e-02;1.520000e-02
  259;-4.420000e-02;1.440000e-02
  260;-4.410000e-02;1.440000e-02
  261;-4.400000e-02;1.440000e-02
  262;-4.390000e-02;1.600000e-02
  263;-4.380000e-02;1.600000e-02
  264;-4.370000e-02;1.680000e-02
  265;-4.360000e-02;1.520000e-02
  266;-4.350000e-02;1.440000e-02
  267;-4.340000e-02;1.520000e-02
  268;-4.330000e-02;1.520000e-02
  269;-4.320000e-02;1.520000e-02
  270;-4.310000e-02;1.600000e-02
  271;-4.300000e-02;1.440000e-02
  272;-4.290000e-02;1.520000e-02
  273;-4.280000e-02;1.440000e-02
  274;-4.270000e-02;1.440000e-02
  275;-4.260000e-02;1.520000e-02
  276;-4.250000e-02;1.520000e-02
  277;-4.240000e-02;1.520000e-02
  278;-4.230000e-02;1.360000e-02
  279;-4.220000e-02;1.440000e-02
  280;-4.210000e-02;1.520000e-02
  281;-4.200000e-02;1.360000e-02
  282;-4.190000e-02;1.520000e-02
  283;-4.180000e-02;1.440000e-02
  284;-4.170000e-02;1.520000e-02
  285;-4.160000e-02;1.440000e-02
  286;-4.150000e-02;1.600000e-02
  287;-4.140000e-02;1.440000e-02
  288;-4.130000e-02;1.520000e-02
  289;-4.120000e-02;1.520000e-02
  290;-4.110000e-02;1.520000e-02
  291;-4.100000e-02;1.520000e-02
  292;-4.090000e-02;1.680000e-02
  293;-4.080000e-02;1.520000e-02
  294;-4.070000e-02;1.440000e-02
  295;-4.060000e-02;1.520000e-02
  296;-4.050000e-02;1.600000e-02
  297;-4.040000e-02;1.520000e-02
  298;-4.030000e-02;1.680000e-02
  299;-4.020000e-02;1.680000e-02
  300;-4.010000e-02;1.600000e-02
  301;-4.000000e-02;1.440000e-02
  302;-3.990000e-02;1.680000e-02
  303;-3.980000e-02;1.600000e-02
  304;-3.970000e-02;1.280000e-02
  305;-3.960000e-02;1.600000e-02
  306;-3.950000e-02;1.440000e-02
  307;-3.940000e-02;1.520000e-02
  308;-3.930000e-02;1.600000e-02
  309;-3.920000e-02;1.680000e-02
  310;-3.910000e-02;1.600000e-02
  311;-3.900000e-02;1.520000e-02
  312;-3.890000e-02;1.760000e-02
  313;-3.880000e-02;1.680000e-02
  314;-3.870000e-02;1.600000e-02
  315;-3.860000e-02;1.600000e-02
  316;-3.850000e-02;1.600000e-02
  317;-3.840000e-02;1.600000e-02
  318;-3.830000e-02;1.680000e-02
  319;-3.820000e-02;1.840000e-02
  320;-3.810000e-02;1.600000e-02
  321;-3.800000e-02;1.520000e-02
  322;-3.790000e-02;1.760000e-02
  323;-3.780000e-02;1.600000e-02
  324;-3.770000e-02;1.520000e-02
  325;-3.760000e-02;1.520000e-02
  326;-3.750000e-02;1.600000e-02
  327;-3.740000e-02;1.680000e-02
  328;-3.730000e-02;1.680000e-02
  329;-3.720000e-02;1.600000e-02
  330;-3.710000e-02;1.520000e-02
  331;-3.700000e-02;1.600000e-02
  332;-3.690000e-02;1.600000e-02
  333;-3.680000e-02;1.520000e-02
  334;-3.670000e-02;1.520000e-02
  335;-3.660000e-02;1.520000e-02
  336;-3.650000e-02;1.600000e-02
  337;-3.640000e-02;1.600000e-02
  338;-3.630000e-02;1.680000e-02
  339;-3.620000e-02;1.600000e-02
  340;-3.610000e-02;1.600000e-02
  341;-3.600000e-02;1.440000e-02
  342;-3.590000e-02;1.360000e-02
  343;-3.580000e-02;1.520000e-02
  344;-3.570000e-02;1.360000e-02
  345;-3.560000e-02;1.520000e-02
  346;-3.550000e-02;1.600000e-02
  347;-3.540000e-02;1.600000e-02
  348;-3.530000e-02;1.680000e-02
  349;-3.520000e-02;1.440000e-02
  350;-3.510000e-02;1.600000e-02
  351;-3.500000e-02;1.440000e-02
  352;-3.490000e-02;1.440000e-02
  353;-3.480000e-02;1.520000e-02
  354;-3.470000e-02;1.520000e-02
  355;-3.460000e-02;1.520000e-02
  356;-3.450000e-02;1.680000e-02
  357;-3.440000e-02;1.520000e-02
  358;-3.430000e-02;1.600000e-02
  359;-3.420000e-02;1.520000e-02
  360;-3.410000e-02;1.520000e-02
  361;-3.400000e-02;1.440000e-02
  362;-3.390000e-02;1.520000e-02
  363;-3.380000e-02;1.680000e-02
  364;-3.370000e-02;1.440000e-02
  365;-3.360000e-02;1.440000e-02
  366;-3.350000e-02;1.520000e-02
  367;-3.340000e-02;1.440000e-02
  368;-3.330000e-02;1.440000e-02
  369;-3.320000e-02;1.520000e-02
  370;-3.310000e-02;1.360000e-02
  371;-3.300000e-02;1.440000e-02
  372;-3.290000e-02;1.440000e-02
  373;-3.280000e-02;1.440000e-02
  374;-3.270000e-02;1.200000e-02
  375;-3.260000e-02;1.520000e-02
  376;-3.250000e-02;1.600000e-02
  377;-3.240000e-02;1.440000e-02
  378;-3.230000e-02;1.520000e-02
  379;-3.220000e-02;1.440000e-02
  380;-3.210000e-02;1.520000e-02
  381;-3.200000e-02;1.520000e-02
  382;-3.190000e-02;1.600000e-02
  383;-3.180000e-02;1.520000e-02
  384;-3.170000e-02;1.600000e-02
  385;-3.160000e-02;1.520000e-02
  386;-3.150000e-02;1.520000e-02
  387;-3.140000e-02;1.520000e-02
  388;-3.130000e-02;1.440000e-02
  389;-3.120000e-02;1.520000e-02
  390;-3.110000e-02;1.440000e-02
  391;-3.100000e-02;1.520000e-02
  392;-3.090000e-02;1.200000e-02
  393;-3.080000e-02;1.600000e-02
  394;-3.070000e-02;1.280000e-02
  395;-3.060000e-02;1.520000e-02
  396;-3.050000e-02;1.520000e-02
  397;-3.040000e-02;1.520000e-02
  398;-3.030000e-02;1.520000e-02
  399;-3.020000e-02;1.600000e-02
  400;-3.010000e-02;1.520000e-02
  401;-3.000000e-02;1.520000e-02
  402;-2.990000e-02;1.600000e-02
  403;-2.980000e-02;1.680000e-02
  404;-2.970000e-02;1.520000e-02
  405;-2.960000e-02;1.520000e-02
  406;-2.950000e-02;1.520000e-02
  407;-2.940000e-02;1.520000e-02
  408;-2.930000e-02;1.520000e-02
  409;-2.920000e-02;1.600000e-02
  410;-2.910000e-02;1.520000e-02
  411;-2.900000e-02;1.600000e-02
  412;-2.890000e-02;1.600000e-02
  413;-2.880000e-02;1.600000e-02
  414;-2.870000e-02;1.520000e-02
  415;-2.860000e-02;1.440000e-02
  416;-2.850000e-02;1.600000e-02
  417;-2.840000e-02;1.280000e-02
  418;-2.830000e-02;1.600000e-02
  419;-2.820000e-02;1.680000e-02
  420;-2.810000e-02;1.680000e-02
  421;-2.800000e-02;1.520000e-02
  422;-2.790000e-02;1.600000e-02
  423;-2.780000e-02;1.600000e-02
  424;-2.770000e-02;1.600000e-02
  425;-2.760000e-02;1.600000e-02
  426;-2.750000e-02;1.520000e-02
  427;-2.740000e-02;1.600000e-02
  428;-2.730000e-02;1.600000e-02
  429;-2.720000e-02;1.520000e-02
  430;-2.710000e-02;1.600000e-02
  431;-2.700000e-02;1.600000e-02
  432;-2.690000e-02;1.600000e-02
  433;-2.680000e-02;1.520000e-02
  434;-2.670000e-02;1.600000e-02
  435;-2.660000e-02;1.680000e-02
  436;-2.650000e-02;1.520000e-02
  437;-2.640000e-02;1.760000e-02
  438;-2.630000e-02;1.520000e-02
  439;-2.620000e-02;1.600000e-02
  440;-2.610000e-02;1.520000e-02
  441;-2.600000e-02;1.600000e-02
  442;-2.590000e-02;1.600000e-02
  443;-2.580000e-02;1.680000e-02
  444;-2.570000e-02;1.600000e-02
  445;-2.560000e-02;1.600000e-02
  446;-2.550000e-02;1.520000e-02
  447;-2.540000e-02;1.600000e-02
  448;-2.530000e-02;1.440000e-02
  449;-2.520000e-02;1.440000e-02
  450;-2.510000e-02;1.360000e-02
  451;-2.500000e-02;1.360000e-02
  452;-2.490000e-02;1.520000e-02
  453;-2.480000e-02;1.440000e-02
  454;-2.470000e-02;1.520000e-02
  455;-2.460000e-02;1.600000e-02
  456;-2.450000e-02;1.440000e-02
  457;-2.440000e-02;1.520000e-02
  458;-2.430000e-02;1.600000e-02
  459;-2.420000e-02;1.520000e-02
  460;-2.410000e-02;1.600000e-02
  461;-2.400000e-02;1.360000e-02
  462;-2.390000e-02;1.440000e-02
  463;-2.380000e-02;1.760000e-02
  464;-2.370000e-02;1.520000e-02
  465;-2.360000e-02;1.520000e-02
  466;-2.350000e-02;1.520000e-02
  467;-2.340000e-02;1.520000e-02
  468;-2.330000e-02;1.520000e-02
  469;-2.320000e-02;1.600000e-02
  470;-2.310000e-02;1.520000e-02
  471;-2.300000e-02;1.520000e-02
  472;-2.290000e-02;1.600000e-02
  473;-2.280000e-02;1.520000e-02
  474;-2.270000e-02;1.520000e-02
  475;-2.260000e-02;1.440000e-02
  476;-2.250000e-02;1.440000e-02
  477;-2.240000e-02;1.360000e-02
  478;-2.230000e-02;1.520000e-02
  479;-2.220000e-02;1.600000e-02
  480;-2.210000e-02;1.520000e-02
  481;-2.200000e-02;1.600000e-02
  482;-2.190000e-02;1.440000e-02
  483;-2.180000e-02;1.440000e-02
  484;-2.170000e-02;1.760000e-02
  485;-2.160000e-02;1.520000e-02
  486;-2.150000e-02;1.520000e-02
  487;-2.140000e-02;1.520000e-02
  488;-2.130000e-02;1.440000e-02
  489;-2.120000e-02;1.440000e-02
  490;-2.110000e-02;1.520000e-02
  491;-2.100000e-02;1.440000e-02
  492;-2.090000e-02;1.520000e-02
  493;-2.080000e-02;1.520000e-02
  494;-2.070000e-02;1.600000e-02
  495;-2.060000e-02;1.520000e-02
  496;-2.050000e-02;1.840000e-02
  497;-2.040000e-02;1.440000e-02
  498;-2.030000e-02;1.600000e-02
  499;-2.020000e-02;1.600000e-02
  500;-2.010000e-02;1.680000e-02
  501;-2.000000e-02;1.520000e-02
  502;-1.990000e-02;1.600000e-02
  503;-1.980000e-02;1.600000e-02
  504;-1.970000e-02;1.440000e-02
  505;-1.960000e-02;1.520000e-02
  506;-1.950000e-02;1.520000e-02
  507;-1.940000e-02;1.440000e-02
  508;-1.930000e-02;1.600000e-02
  509;-1.920000e-02;1.680000e-02
  510;-1.910000e-02;1.520000e-02
  511;-1.900000e-02;1.520000e-02
  512;-1.890000e-02;1.600000e-02
  513;-1.880000e-02;1.520000e-02
  514;-1.870000e-02;1.520000e-02
  515;-1.860000e-02;1.600000e-02
  516;-1.850000e-02;1.520000e-02
  517;-1.840000e-02;1.600000e-02
  518;-1.830000e-02;1.520000e-02
  519;-1.820000e-02;1.600000e-02
  520;-1.810000e-02;1.600000e-02
  521;-1.800000e-02;1.600000e-02
  522;-1.790000e-02;1.600000e-02
  523;-1.780000e-02;1.600000e-02
  524;-1.770000e-02;1.600000e-02
  525;-1.760000e-02;1.600000e-02
  526;-1.750000e-02;1.680000e-02
  527;-1.740000e-02;1.600000e-02
  528;-1.730000e-02;1.520000e-02
  529;-1.720000e-02;1.520000e-02
  530;-1.710000e-02;1.600000e-02
  531;-1.700000e-02;1.520000e-02
  532;-1.690000e-02;1.680000e-02
  533;-1.680000e-02;1.600000e-02
  534;-1.670000e-02;1.600000e-02
  535;-1.660000e-02;1.600000e-02
  536;-1.650000e-02;1.680000e-02
  537;-1.640000e-02;1.600000e-02
  538;-1.630000e-02;1.520000e-02
  539;-1.620000e-02;1.600000e-02
  540;-1.610000e-02;1.600000e-02
  541;-1.600000e-02;1.520000e-02
  542;-1.590000e-02;1.600000e-02
  543;-1.580000e-02;1.600000e-02
  544;-1.570000e-02;1.440000e-02
  545;-1.560000e-02;1.600000e-02
  546;-1.550000e-02;1.600000e-02
  547;-1.540000e-02;1.600000e-02
  548;-1.530000e-02;1.600000e-02
  549;-1.520000e-02;1.600000e-02
  550;-1.510000e-02;1.600000e-02
  551;-1.500000e-02;1.600000e-02
  552;-1.490000e-02;1.600000e-02
  553;-1.480000e-02;1.760000e-02
  554;-1.470000e-02;1.680000e-02
  555;-1.460000e-02;1.600000e-02
  556;-1.450000e-02;1.520000e-02
  557;-1.440000e-02;1.600000e-02
  558;-1.430000e-02;1.600000e-02
  559;-1.420000e-02;1.600000e-02
  560;-1.410000e-02;1.600000e-02
  561;-1.400000e-02;1.680000e-02
  562;-1.390000e-02;1.840000e-02
  563;-1.380000e-02;1.760000e-02
  564;-1.370000e-02;1.840000e-02
  565;-1.360000e-02;1.760000e-02
  566;-1.350000e-02;1.840000e-02
  567;-1.340000e-02;1.680000e-02
  568;-1.330000e-02;1.760000e-02
  569;-1.320000e-02;1.920000e-02
  570;-1.310000e-02;1.840000e-02
  571;-1.300000e-02;1.920000e-02
  572;-1.290000e-02;1.760000e-02
  573;-1.280000e-02;2.000000e-02
  574;-1.270000e-02;1.920000e-02
  575;-1.260000e-02;2.000000e-02
  576;-1.250000e-02;2.000000e-02
  577;-1.240000e-02;1.840000e-02
  578;-1.230000e-02;1.920000e-02
  579;-1.220000e-02;2.080000e-02
  580;-1.210000e-02;2.160000e-02
  581;-1.200000e-02;2.080000e-02
  582;-1.190000e-02;2.080000e-02
  583;-1.180000e-02;2.080000e-02
  584;-1.170000e-02;2.160000e-02
  585;-1.160000e-02;2.240000e-02
  586;-1.150000e-02;2.240000e-02
  587;-1.140000e-02;2.080000e-02
  588;-1.130000e-02;2.160000e-02
  589;-1.120000e-02;2.400000e-02
  590;-1.110000e-02;2.160000e-02
  591;-1.100000e-02;2.320000e-02
  592;-1.090000e-02;2.400000e-02
  593;-1.080000e-02;2.320000e-02
  594;-1.070000e-02;2.560000e-02
  595;-1.060000e-02;2.400000e-02
  596;-1.050000e-02;2.480000e-02
  597;-1.040000e-02;2.560000e-02
  598;-1.030000e-02;2.640000e-02
  599;-1.020000e-02;2.640000e-02
  600;-1.010000e-02;2.640000e-02
  601;-1.000000e-02;2.640000e-02
  602;-9.900002e-03;2.880000e-02
  603;-9.800002e-03;2.800000e-02
  604;-9.700002e-03;2.800000e-02
  605;-9.600002e-03;2.800000e-02
  606;-9.500002e-03;2.880000e-02
  607;-9.400002e-03;2.720000e-02
  608;-9.300002e-03;2.800000e-02
  609;-9.200002e-03;3.040000e-02
  610;-9.100002e-03;3.040000e-02
  611;-9.000002e-03;3.120000e-02
  612;-8.900002e-03;3.120000e-02
  613;-8.800002e-03;3.200000e-02
  614;-8.700002e-03;3.200000e-02
  615;-8.600002e-03;3.040000e-02
  616;-8.500002e-03;3.200000e-02
  617;-8.400002e-03;3.120000e-02
  618;-8.300002e-03;3.200000e-02
  619;-8.200002e-03;3.360000e-02
  620;-8.100002e-03;3.280000e-02
  621;-8.000002e-03;3.440000e-02
  622;-7.900002e-03;3.360000e-02
  623;-7.800002e-03;3.200000e-02
  624;-7.700002e-03;3.440000e-02
  625;-7.600002e-03;3.440000e-02
  626;-7.500002e-03;3.360000e-02
  627;-7.400002e-03;3.520000e-02
  628;-7.300002e-03;3.440000e-02
  629;-7.200002e-03;3.360000e-02
  630;-7.100002e-03;3.600000e-02
  631;-7.000002e-03;3.600000e-02
  632;-6.900002e-03;3.600000e-02
  633;-6.800002e-03;3.760000e-02
  634;-6.700002e-03;3.680000e-02
  635;-6.600002e-03;3.520000e-02
  636;-6.500002e-03;3.680000e-02
  637;-6.400002e-03;3.840000e-02
  638;-6.300002e-03;3.440000e-02
  639;-6.200002e-03;3.840000e-02
  640;-6.100002e-03;3.760000e-02
  641;-6.000002e-03;3.920000e-02
  642;-5.900002e-03;4.080000e-02
  643;-5.800002e-03;4.000000e-02
  644;-5.700002e-03;4.000000e-02
  645;-5.600002e-03;3.840000e-02
  646;-5.500002e-03;3.920000e-02
  647;-5.400002e-03;3.920000e-02
  648;-5.300002e-03;3.920000e-02
  649;-5.200002e-03;4.080000e-02
  650;-5.100002e-03;4.000000e-02
  651;-5.000002e-03;4.160000e-02
  652;-4.900002e-03;4.160000e-02
  653;-4.800002e-03;4.160000e-02
  654;-4.700002e-03;4.240000e-02
  655;-4.600002e-03;4.160000e-02
  656;-4.500002e-03;4.240000e-02
  657;-4.400002e-03;4.160000e-02
  658;-4.300002e-03;4.240000e-02
  659;-4.200002e-03;4.320000e-02
  660;-4.100002e-03;4.320000e-02
  661;-4.000002e-03;4.320000e-02
  662;-3.900002e-03;4.320000e-02
  663;-3.800002e-03;4.480000e-02
  664;-3.700002e-03;4.320000e-02
  665;-3.600002e-03;4.640000e-02
  666;-3.500002e-03;4.560000e-02
  667;-3.400002e-03;4.480000e-02
  668;-3.300002e-03;4.560000e-02
  669;-3.200002e-03;4.560000e-02
  670;-3.100002e-03;4.560000e-02
  671;-3.000002e-03;4.400000e-02
  672;-2.900002e-03;4.560000e-02
  673;-2.800002e-03;4.640000e-02
  674;-2.700002e-03;4.720000e-02
  675;-2.600002e-03;4.720000e-02
  676;-2.500002e-03;4.720000e-02
  677;-2.400002e-03;4.800000e-02
  678;-2.300002e-03;4.880000e-02
  679;-2.200002e-03;4.880000e-02
  680;-2.100002e-03;4.800000e-02
  681;-2.000002e-03;4.800000e-02
  682;-1.900002e-03;4.800000e-02
  683;-1.800002e-03;4.800000e-02
  684;-1.700002e-03;4.880000e-02
  685;-1.600002e-03;4.880000e-02
  686;-1.500002e-03;4.960000e-02
  687;-1.400002e-03;4.800000e-02
  688;-1.300002e-03;5.040000e-02
  689;-1.200002e-03;5.040000e-02
  690;-1.100002e-03;5.040000e-02
  691;-1.000002e-03;5.040000e-02
  692;-9.000020e-04;5.200000e-02
  693;-8.000020e-04;5.200000e-02
  694;-7.000020e-04;5.280000e-02
  695;-6.000021e-04;5.120000e-02
  696;-5.000021e-04;5.280000e-02
  697;-4.000021e-04;5.040000e-02
  698;-3.000021e-04;5.280000e-02
  699;-2.000021e-04;5.280000e-02
  700;-1.000021e-04;5.360000e-02
  701;-2.066372e-09;5.360000e-02
  702;9.999793e-05;5.440000e-02
  703;1.999979e-04;5.440000e-02
  704;2.999979e-04;5.440000e-02
  705;3.999979e-04;5.280000e-02
  706;4.999979e-04;5.440000e-02
  707;5.999979e-04;5.520000e-02
  708;6.999979e-04;5.280000e-02
  709;7.999979e-04;5.440000e-02
  710;8.999979e-04;5.520000e-02
  711;9.999979e-04;5.520000e-02
  712;1.099998e-03;5.600000e-02
  713;1.199998e-03;5.600000e-02
  714;1.299998e-03;5.520000e-02
  715;1.399998e-03;5.600000e-02
  716;1.499998e-03;5.680000e-02
  717;1.599998e-03;5.600000e-02
  718;1.699998e-03;5.520000e-02
  719;1.799998e-03;5.680000e-02
  720;1.899998e-03;5.680000e-02
  721;1.999998e-03;5.760000e-02
  722;2.099998e-03;5.760000e-02
  723;2.199998e-03;5.840000e-02
  724;2.299998e-03;5.760000e-02
  725;2.399998e-03;5.760000e-02
  726;2.499998e-03;5.760000e-02
  727;2.599998e-03;5.920000e-02
  728;2.699998e-03;5.760000e-02
  729;2.799998e-03;5.840000e-02
  730;2.899998e-03;5.760000e-02
  731;2.999998e-03;5.840000e-02
  732;3.099998e-03;5.760000e-02
  733;3.199998e-03;5.760000e-02
  734;3.299998e-03;5.840000e-02
  735;3.399998e-03;5.840000e-02
  736;3.499998e-03;5.840000e-02
  737;3.599998e-03;5.920000e-02
  738;3.699998e-03;5.840000e-02
  739;3.799998e-03;6.000000e-02
  740;3.899998e-03;6.320000e-02
  741;3.999998e-03;6.000000e-02
  742;4.099998e-03;5.840000e-02
  743;4.199998e-03;5.920000e-02
  744;4.299998e-03;5.840000e-02
  745;4.399998e-03;5.840000e-02
  746;4.499998e-03;6.000000e-02
  747;4.599998e-03;6.000000e-02
  748;4.699998e-03;5.920000e-02
  749;4.799998e-03;5.920000e-02
  750;4.899998e-03;6.000000e-02
  751;4.999998e-03;5.920000e-02
  752;5.099998e-03;6.080000e-02
  753;5.199998e-03;6.000000e-02
  754;5.299998e-03;6.080000e-02
  755;5.399998e-03;6.160000e-02
  756;5.499998e-03;6.000000e-02
  757;5.599998e-03;6.240000e-02
  758;5.699998e-03;6.000000e-02
  759;5.799998e-03;6.000000e-02
  760;5.899998e-03;6.080000e-02
  761;5.999998e-03;6.080000e-02
  762;6.099998e-03;6.000000e-02
  763;6.199998e-03;6.080000e-02
  764;6.299998e-03;6.240000e-02
  765;6.399998e-03;6.080000e-02
  766;6.499998e-03;6.160000e-02
  767;6.599998e-03;6.240000e-02
  768;6.699998e-03;6.160000e-02
  769;6.799998e-03;6.240000e-02
  770;6.899998e-03;6.160000e-02
  771;6.999998e-03;6.240000e-02
  772;7.099998e-03;6.240000e-02
  773;7.199998e-03;6.240000e-02
  774;7.299998e-03;6.160000e-02
  775;7.399998e-03;6.160000e-02
  776;7.499998e-03;6.320000e-02
  777;7.599998e-03;6.240000e-02
  778;7.699998e-03;6.320000e-02
  779;7.799998e-03;6.160000e-02
  780;7.899998e-03;6.320000e-02
  781;7.999998e-03;6.320000e-02
  782;8.099998e-03;6.320000e-02
  783;8.199998e-03;6.240000e-02
  784;8.299998e-03;6.400000e-02
  785;8.399998e-03;6.320000e-02
  786;8.499998e-03;6.560000e-02
  787;8.599998e-03;6.320000e-02
  788;8.699998e-03;6.400000e-02
  789;8.799998e-03;6.400000e-02
  790;8.899998e-03;6.320000e-02
  791;8.999998e-03;6.320000e-02
  792;9.099998e-03;6.480000e-02
  793;9.199998e-03;6.480000e-02
  794;9.299998e-03;6.480000e-02
  795;9.399998e-03;6.560000e-02
  796;9.499998e-03;6.560000e-02
  797;9.599998e-03;6.480000e-02
  798;9.699998e-03;6.400000e-02
  799;9.799998e-03;6.480000e-02
  800;9.899998e-03;6.560000e-02
  801;9.999998e-03;6.240000e-02
  802;1.010000e-02;6.640000e-02
  803;1.020000e-02;6.560000e-02
  804;1.030000e-02;6.720000e-02
  805;1.040000e-02;6.480000e-02
  806;1.050000e-02;6.480000e-02
  807;1.060000e-02;6.480000e-02
  808;1.070000e-02;6.400000e-02
  809;1.080000e-02;6.640000e-02
  810;1.090000e-02;6.560000e-02
  811;1.100000e-02;6.560000e-02
  812;1.110000e-02;6.640000e-02
  813;1.120000e-02;6.640000e-02
  814;1.130000e-02;6.640000e-02
  815;1.140000e-02;6.800000e-02
  816;1.150000e-02;6.640000e-02
  817;1.160000e-02;6.560000e-02
  818;1.170000e-02;6.720000e-02
  819;1.180000e-02;6.720000e-02
  820;1.190000e-02;6.640000e-02
  821;1.200000e-02;6.640000e-02
  822;1.210000e-02;6.720000e-02
  823;1.220000e-02;6.880000e-02
  824;1.230000e-02;6.720000e-02
  825;1.240000e-02;6.640000e-02
  826;1.250000e-02;6.640000e-02
  827;1.260000e-02;6.800000e-02
  828;1.270000e-02;6.640000e-02
  829;1.280000e-02;6.640000e-02
  830;1.290000e-02;6.800000e-02
  831;1.300000e-02;6.800000e-02
  832;1.310000e-02;6.880000e-02
  833;1.320000e-02;6.880000e-02
  834;1.330000e-02;6.720000e-02
  835;1.340000e-02;6.800000e-02
  836;1.350000e-02;6.800000e-02
  837;1.360000e-02;6.800000e-02
  838;1.370000e-02;6.800000e-02
  839;1.380000e-02;6.800000e-02
  840;1.390000e-02;6.800000e-02
  841;1.400000e-02;6.720000e-02
  842;1.410000e-02;6.880000e-02
  843;1.420000e-02;6.880000e-02
  844;1.430000e-02;6.720000e-02
  845;1.440000e-02;6.720000e-02
  846;1.450000e-02;6.720000e-02
  847;1.460000e-02;6.880000e-02
  848;1.470000e-02;6.960000e-02
  849;1.480000e-02;6.800000e-02
  850;1.490000e-02;6.800000e-02
  851;1.500000e-02;6.640000e-02
  852;1.510000e-02;6.880000e-02
  853;1.520000e-02;6.800000e-02
  854;1.530000e-02;6.880000e-02
  855;1.540000e-02;6.720000e-02
  856;1.550000e-02;6.960000e-02
  857;1.560000e-02;6.720000e-02
  858;1.570000e-02;6.880000e-02
  859;1.580000e-02;6.880000e-02
  860;1.590000e-02;6.880000e-02
  861;1.600000e-02;6.800000e-02
  862;1.610000e-02;6.800000e-02
  863;1.620000e-02;6.720000e-02
  864;1.630000e-02;6.880000e-02
  865;1.640000e-02;6.960000e-02
  866;1.650000e-02;6.960000e-02
  867;1.660000e-02;6.880000e-02
  868;1.670000e-02;6.800000e-02
  869;1.680000e-02;6.960000e-02
  870;1.690000e-02;7.120000e-02
  871;1.700000e-02;6.880000e-02
  872;1.710000e-02;6.800000e-02
  873;1.720000e-02;7.040000e-02
  874;1.730000e-02;6.960000e-02
  875;1.740000e-02;6.960000e-02
  876;1.750000e-02;6.880000e-02
  877;1.760000e-02;6.880000e-02
  878;1.770000e-02;6.800000e-02
  879;1.780000e-02;7.040000e-02
  880;1.790000e-02;6.880000e-02
  881;1.800000e-02;6.880000e-02
  882;1.810000e-02;6.960000e-02
  883;1.820000e-02;6.960000e-02
  884;1.830000e-02;7.040000e-02
  885;1.840000e-02;6.800000e-02
  886;1.850000e-02;6.880000e-02
  887;1.860000e-02;7.040000e-02
  888;1.870000e-02;6.960000e-02
  889;1.880000e-02;6.880000e-02
  890;1.890000e-02;7.280000e-02
  891;1.900000e-02;7.040000e-02
  892;1.910000e-02;6.960000e-02
  893;1.920000e-02;6.960000e-02
  894;1.930000e-02;7.040000e-02
  895;1.940000e-02;6.960000e-02
  896;1.950000e-02;7.120000e-02
  897;1.960000e-02;7.280000e-02
  898;1.970000e-02;7.040000e-02
  899;1.980000e-02;7.040000e-02
  900;1.990000e-02;7.200000e-02
  901;2.000000e-02;7.120000e-02
  902;2.010000e-02;6.960000e-02
  903;2.020000e-02;7.040000e-02
  904;2.030000e-02;7.120000e-02
  905;2.040000e-02;7.040000e-02
  906;2.050000e-02;7.040000e-02
  907;2.060000e-02;7.120000e-02
  908;2.070000e-02;7.120000e-02
  909;2.080000e-02;7.280000e-02
  910;2.090000e-02;7.040000e-02
  911;2.100000e-02;7.120000e-02
  912;2.110000e-02;7.120000e-02
  913;2.120000e-02;7.200000e-02
  914;2.130000e-02;7.040000e-02
  915;2.140000e-02;7.120000e-02
  916;2.150000e-02;7.280000e-02
  917;2.160000e-02;7.200000e-02
  918;2.170000e-02;7.120000e-02
  919;2.180000e-02;7.200000e-02
  920;2.190000e-02;7.360000e-02
  921;2.200000e-02;7.280000e-02
  922;2.210000e-02;7.200000e-02
  923;2.220000e-02;7.200000e-02
  924;2.230000e-02;7.120000e-02
  925;2.240000e-02;7.360000e-02
  926;2.250000e-02;7.200000e-02
  927;2.260000e-02;7.120000e-02
  928;2.270000e-02;7.200000e-02
  929;2.280000e-02;7.120000e-02
  930;2.290000e-02;7.200000e-02
  931;2.300000e-02;7.120000e-02
  932;2.310000e-02;7.280000e-02
  933;2.320000e-02;7.120000e-02
  934;2.330000e-02;7.440000e-02
  935;2.340000e-02;7.120000e-02
  936;2.350000e-02;7.280000e-02
  937;2.360000e-02;7.120000e-02
  938;2.370000e-02;7.280000e-02
  939;2.380000e-02;7.200000e-02
  940;2.390000e-02;7.040000e-02
  941;2.400000e-02;7.120000e-02
  942;2.410000e-02;7.200000e-02
  943;2.420000e-02;7.200000e-02
  944;2.430000e-02;7.200000e-02
  945;2.440000e-02;7.120000e-02
  946;2.450000e-02;7.200000e-02
  947;2.460000e-02;7.120000e-02
  948;2.470000e-02;7.200000e-02
  949;2.480000e-02;7.120000e-02
  950;2.490000e-02;7.120000e-02
  951;2.500000e-02;7.120000e-02
  952;2.510000e-02;7.200000e-02
  953;2.520000e-02;7.200000e-02
  954;2.530000e-02;7.120000e-02
  955;2.540000e-02;7.200000e-02
  956;2.550000e-02;7.120000e-02
  957;2.560000e-02;7.200000e-02
  958;2.570000e-02;7.200000e-02
  959;2.580000e-02;6.960000e-02
  960;2.590000e-02;7.200000e-02
  961;2.600000e-02;7.280000e-02
  962;2.610000e-02;7.200000e-02
  963;2.620000e-02;7.280000e-02
  964;2.630000e-02;7.200000e-02
  965;2.640000e-02;7.200000e-02
  966;2.650000e-02;7.360000e-02
  967;2.660000e-02;7.200000e-02
  968;2.670000e-02;7.120000e-02
  969;2.680000e-02;7.360000e-02
  970;2.690000e-02;7.200000e-02
  971;2.700000e-02;7.200000e-02
  972;2.710000e-02;7.120000e-02
  973;2.720000e-02;7.200000e-02
  974;2.730000e-02;7.120000e-02
  975;2.740000e-02;7.200000e-02
  976;2.750000e-02;7.120000e-02
  977;2.760000e-02;7.120000e-02
  978;2.770000e-02;7.360000e-02
  979;2.780000e-02;7.280000e-02
  980;2.790000e-02;7.200000e-02
  981;2.800000e-02;7.200000e-02
  982;2.810000e-02;7.040000e-02
  983;2.820000e-02;7.440000e-02
  984;2.830000e-02;7.280000e-02
  985;2.840000e-02;7.200000e-02
  986;2.850000e-02;7.200000e-02
  987;2.860000e-02;7.200000e-02
  988;2.870000e-02;7.360000e-02
  989;2.880000e-02;7.280000e-02
  990;2.890000e-02;7.360000e-02
  991;2.900000e-02;7.280000e-02
  992;2.910000e-02;7.280000e-02
  993;2.920000e-02;7.280000e-02
  994;2.930000e-02;7.440000e-02
  995;2.940000e-02;7.200000e-02
  996;2.950000e-02;7.200000e-02
  997;2.960000e-02;7.280000e-02
  998;2.970000e-02;7.360000e-02
  999;2.980000e-02;7.280000e-02
 1000;2.990000e-02;7.360000e-02
 1001;3.000000e-02;7.360000e-02
 1002;3.010000e-02;7.200000e-02
 1003;3.020000e-02;7.440000e-02
 1004;3.030000e-02;7.200000e-02
 1005;3.040000e-02;7.200000e-02
 1006;3.050000e-02;7.280000e-02
 1007;3.060000e-02;7.280000e-02
 1008;3.070000e-02;7.360000e-02
 1009;3.080000e-02;7.520000e-02
 1010;3.090000e-02;7.360000e-02
 1011;3.100000e-02;7.280000e-02
 1012;3.110000e-02;7.440000e-02
 1013;3.120000e-02;7.680000e-02
 1014;3.130000e-02;7.360000e-02
 1015;3.140000e-02;7.280000e-02
 1016;3.150000e-02;7.360000e-02
 1017;3.160000e-02;7.600000e-02
 1018;3.170000e-02;7.280000e-02
 1019;3.180000e-02;7.520000e-02
 1020;3.190000e-02;7.440000e-02
 1021;3.200000e-02;7.520000e-02
 1022;3.210000e-02;7.360000e-02
 1023;3.220000e-02;7.360000e-02
 1024;3.230000e-02;7.520000e-02
 1025;3.240000e-02;7.360000e-02
 1026;3.250000e-02;7.280000e-02
 1027;3.260000e-02;7.280000e-02
 1028;3.270000e-02;7.520000e-02
 1029;3.280000e-02;7.200000e-02
 1030;3.290000e-02;7.440000e-02
 1031;3.300000e-02;7.440000e-02
 1032;3.310000e-02;7.360000e-02
 1033;3.320000e-02;7.280000e-02
 1034;3.330000e-02;7.360000e-02
 1035;3.340000e-02;7.280000e-02
 1036;3.350000e-02;7.360000e-02
 1037;3.360000e-02;7.360000e-02
 1038;3.370000e-02;7.440000e-02
 1039;3.380000e-02;7.360000e-02
 1040;3.390000e-02;7.280000e-02
 1041;3.400000e-02;7.440000e-02
 1042;3.410000e-02;7.200000e-02
 1043;3.420000e-02;7.280000e-02
 1044;3.430000e-02;7.360000e-02
 1045;3.440000e-02;7.200000e-02
 1046;3.450000e-02;7.440000e-02
 1047;3.460000e-02;7.360000e-02
 1048;3.470000e-02;7.360000e-02
 1049;3.480000e-02;7.440000e-02
 1050;3.490000e-02;7.360000e-02
 1051;3.500000e-02;7.440000e-02
 1052;3.510000e-02;7.520000e-02
 1053;3.520000e-02;7.440000e-02
 1054;3.530000e-02;7.440000e-02
 1055;3.540000e-02;7.280000e-02
 1056;3.550000e-02;7.120000e-02
 1057;3.560000e-02;7.200000e-02
 1058;3.570000e-02;7.520000e-02
 1059;3.580000e-02;7.360000e-02
 1060;3.590000e-02;7.280000e-02
 1061;3.600000e-02;7.440000e-02
 1062;3.610000e-02;7.280000e-02
 1063;3.620000e-02;7.520000e-02
 1064;3.630000e-02;7.440000e-02
 1065;3.640000e-02;7.440000e-02
 1066;3.650000e-02;7.280000e-02
 1067;3.660000e-02;7.440000e-02
 1068;3.670000e-02;7.280000e-02
 1069;3.680000e-02;7.360000e-02
 1070;3.690000e-02;7.440000e-02
 1071;3.700000e-02;7.360000e-02
 1072;3.710000e-02;7.360000e-02
 1073;3.720000e-02;7.200000e-02
 1074;3.730000e-02;7.200000e-02
 1075;3.740000e-02;7.200000e-02
 1076;3.750000e-02;7.360000e-02
 1077;3.760000e-02;7.120000e-02
 1078;3.770000e-02;7.360000e-02
 1079;3.780000e-02;7.440000e-02
 1080;3.790000e-02;7.360000e-02
 1081;3.800000e-02;7.360000e-02
 1082;3.810000e-02;7.360000e-02
 1083;3.820000e-02;7.440000e-02
 1084;3.830000e-02;7.360000e-02
 1085;3.840000e-02;7.440000e-02
 1086;3.850000e-02;7.440000e-02
 1087;3.860000e-02;7.440000e-02
 1088;3.870000e-02;7.280000e-02
 1089;3.880000e-02;7.360000e-02
 1090;3.890000e-02;7.440000e-02
 1091;3.900000e-02;7.280000e-02
 1092;3.910000e-02;7.360000e-02
 1093;3.920000e-02;7.440000e-02
 1094;3.930000e-02;7.440000e-02
 1095;3.940000e-02;7.360000e-02
 1096;3.950000e-02;7.440000e-02
 1097;3.960000e-02;7.360000e-02
 1098;3.970000e-02;7.360000e-02
 1099;3.980000e-02;7.600000e-02
 1100;3.990000e-02;7.440000e-02
 1101;4.000000e-02;7.440000e-02
 1102;4.010000e-02;7.360000e-02
 1103;4.020000e-02;7.360000e-02
 1104;4.030000e-02;7.440000e-02
 1105;4.040000e-02;7.520000e-02
 1106;4.050000e-02;7.360000e-02
 1107;4.060000e-02;7.520000e-02
 1108;4.070000e-02;7.600000e-02
 1109;4.080000e-02;7.360000e-02
 1110;4.090000e-02;7.440000e-02
 1111;4.100000e-02;7.360000e-02
 1112;4.110000e-02;7.600000e-02
 1113;4.120000e-02;7.440000e-02
 1114;4.130000e-02;7.440000e-02
 1115;4.140000e-02;7.520000e-02
 1116;4.150000e-02;7.360000e-02
 1117;4.160000e-02;7.440000e-02
 1118;4.170000e-02;7.520000e-02
 1119;4.180000e-02;7.520000e-02
 1120;4.190000e-02;7.440000e-02
 1121;4.200000e-02;7.440000e-02
 1122;4.210000e-02;7.520000e-02
 1123;4.220000e-02;7.520000e-02
 1124;4.230000e-02;7.680000e-02
 1125;4.240000e-02;7.440000e-02
 1126;4.250000e-02;7.440000e-02
 1127;4.260000e-02;7.440000e-02
 1128;4.270000e-02;7.520000e-02
 1129;4.280000e-02;7.520000e-02
 1130;4.290000e-02;7.520000e-02
 1131;4.300000e-02;7.440000e-02
 1132;4.310000e-02;7.440000e-02
 1133;4.320000e-02;7.600000e-02
 1134;4.330000e-02;7.440000e-02
 1135;4.340000e-02;7.520000e-02
 1136;4.350000e-02;7.440000e-02
 1137;4.360000e-02;7.440000e-02
 1138;4.370000e-02;7.760000e-02
 1139;4.380000e-02;7.280000e-02
 1140;4.390000e-02;7.440000e-02
 1141;4.400000e-02;7.440000e-02
 1142;4.410000e-02;7.520000e-02
 1143;4.420000e-02;7.360000e-02
 1144;4.430000e-02;7.440000e-02
 1145;4.440000e-02;7.360000e-02
 1146;4.450000e-02;7.520000e-02
 1147;4.460000e-02;7.520000e-02
 1148;4.470000e-02;7.520000e-02
 1149;4.480000e-02;7.520000e-02
 1150;4.490000e-02;7.520000e-02
 1151;4.500000e-02;7.360000e-02
 1152;4.510000e-02;7.280000e-02
 1153;4.520000e-02;7.440000e-02
 1154;4.530000e-02;7.520000e-02
 1155;4.540000e-02;7.440000e-02
 1156;4.550000e-02;7.440000e-02
 1157;4.560000e-02;7.440000e-02
 1158;4.570000e-02;7.440000e-02
 1159;4.580000e-02;7.360000e-02
 1160;4.590000e-02;7.440000e-02
 1161;4.600000e-02;7.360000e-02
 1162;4.610000e-02;7.360000e-02
 1163;4.620000e-02;7.440000e-02
 1164;4.630000e-02;7.440000e-02
 1165;4.640000e-02;7.440000e-02
 1166;4.650000e-02;7.680000e-02
 1167;4.660000e-02;7.520000e-02
 1168;4.670000e-02;7.360000e-02
 1169;4.680000e-02;7.440000e-02
 1170;4.690000e-02;7.520000e-02
 1171;4.700000e-02;7.600000e-02
 1172;4.710000e-02;7.440000e-02
 1173;4.720000e-02;7.440000e-02
 1174;4.730000e-02;7.440000e-02
 1175;4.740000e-02;7.440000e-02
 1176;4.750000e-02;7.440000e-02
 1177;4.760000e-02;7.440000e-02
 1178;4.770000e-02;7.440000e-02
 1179;4.780000e-02;7.520000e-02
 1180;4.790000e-02;7.520000e-02
 1181;4.800000e-02;7.440000e-02
 1182;4.810000e-02;7.440000e-02
 1183;4.820000e-02;7.440000e-02
 1184;4.830000e-02;7.440000e-02
 1185;4.840000e-02;7.520000e-02
 1186;4.850000e-02;7.680000e-02
 1187;4.860000e-02;7.520000e-02
 1188;4.870000e-02;7.360000e-02
 1189;4.880000e-02;7.360000e-02
 1190;4.890000e-02;7.280000e-02
 1191;4.900000e-02;7.600000e-02
 1192;4.910000e-02;7.440000e-02
 1193;4.920000e-02;7.520000e-02
 1194;4.930000e-02;7.600000e-02
 1195;4.940000e-02;7.360000e-02
 1196;4.950000e-02;7.520000e-02
 1197;4.960000e-02;7.520000e-02
 1198;4.970000e-02;7.520000e-02
 1199;4.980000e-02;7.600000e-02
 1200;4.990000e-02;7.600000e-02
 1201;5.000000e-02;7.520000e-02
 1202;5.010000e-02;7.520000e-02
 1203;5.020000e-02;7.520000e-02
 1204;5.030000e-02;7.440000e-02
 1205;5.040000e-02;7.520000e-02
 1206;5.050000e-02;7.520000e-02
 1207;5.060000e-02;7.520000e-02
 1208;5.070000e-02;7.520000e-02
 1209;5.080000e-02;7.520000e-02
 1210;5.090000e-02;7.440000e-02
 1211;5.100000e-02;6.880000e-02
 1212;5.110000e-02;7.520000e-02
 1213;5.120000e-02;7.280000e-02
 1214;5.130000e-02;7.520000e-02
 1215;5.140000e-02;7.600000e-02
 1216;5.150000e-02;7.600000e-02
 1217;5.160000e-02;7.520000e-02
 1218;5.170000e-02;7.520000e-02
 1219;5.180000e-02;7.680000e-02
 1220;5.190000e-02;7.520000e-02
 1221;5.200000e-02;7.600000e-02
 1222;5.210000e-02;7.680000e-02
 1223;5.220000e-02;7.680000e-02
 1224;5.230000e-02;7.600000e-02
 1225;5.240000e-02;7.520000e-02
 1226;5.250000e-02;7.680000e-02
 1227;5.260000e-02;7.520000e-02
 1228;5.270000e-02;7.600000e-02
 1229;5.280000e-02;7.520000e-02
 1230;5.290000e-02;7.520000e-02
 1231;5.300000e-02;7.520000e-02
 1232;5.310000e-02;7.520000e-02
 1233;5.320000e-02;7.520000e-02
 1234;5.330000e-02;7.440000e-02
 1235;5.340000e-02;7.440000e-02
 1236;5.350000e-02;7.520000e-02
 1237;5.360000e-02;7.600000e-02
 1238;5.370000e-02;7.520000e-02
 1239;5.380000e-02;7.600000e-02
 1240;5.390000e-02;7.600000e-02
 1241;5.400000e-02;7.440000e-02
 1242;5.410000e-02;7.360000e-02
 1243;5.420000e-02;7.440000e-02
 1244;5.430000e-02;7.520000e-02
 1245;5.440000e-02;7.520000e-02
 1246;5.450000e-02;7.600000e-02
 1247;5.460000e-02;7.520000e-02
 1248;5.470000e-02;7.280000e-02
 1249;5.480000e-02;7.440000e-02
 1250;5.490000e-02;7.520000e-02
 1251;5.500000e-02;7.360000e-02
 1252;5.510000e-02;7.360000e-02
 1253;5.520000e-02;7.440000e-02
 1254;5.530000e-02;7.520000e-02
 1255;5.540000e-02;7.280000e-02
 1256;5.550000e-02;7.360000e-02
 1257;5.560000e-02;7.440000e-02
 1258;5.570000e-02;7.440000e-02
 1259;5.580000e-02;7.600000e-02
 1260;5.590000e-02;7.520000e-02
 1261;5.600000e-02;7.520000e-02
 1262;5.610000e-02;7.440000e-02
 1263;5.620000e-02;7.440000e-02
 1264;5.630000e-02;7.600000e-02
 1265;5.640000e-02;7.440000e-02
 1266;5.650000e-02;7.520000e-02
 1267;5.660000e-02;7.520000e-02
 1268;5.670000e-02;7.440000e-02
 1269;5.680000e-02;7.520000e-02
 1270;5.690000e-02;7.520000e-02
 1271;5.700000e-02;7.440000e-02
 1272;5.710000e-02;7.600000e-02
 1273;5.720000e-02;7.520000e-02
 1274;5.730000e-02;7.520000e-02
 1275;5.740000e-02;7.440000e-02
 1276;5.750000e-02;7.520000e-02
 1277;5.760000e-02;7.440000e-02
 1278;5.770000e-02;7.600000e-02
 1279;5.780000e-02;7.520000e-02
 1280;5.790000e-02;7.520000e-02
 1281;5.800000e-02;7.280000e-02
 1282;5.810000e-02;7.520000e-02
 1283;5.820000e-02;7.440000e-02
 1284;5.830000e-02;7.360000e-02
 1285;5.840000e-02;7.440000e-02
 1286;5.850000e-02;7.520000e-02
 1287;5.860000e-02;7.600000e-02
 1288;5.870000e-02;7.840000e-02
 1289;5.880000e-02;7.520000e-02
 1290;5.890000e-02;7.360000e-02
 1291;5.900000e-02;7.600000e-02
 1292;5.910000e-02;7.600000e-02
 1293;5.920000e-02;7.520000e-02
 1294;5.930000e-02;7.600000e-02
 1295;5.940000e-02;7.520000e-02
 1296;5.950000e-02;7.520000e-02
 1297;5.960000e-02;7.600000e-02
 1298;5.970000e-02;7.600000e-02
 1299;5.980000e-02;7.760000e-02
 1300;5.990000e-02;7.600000e-02
 1301;6.000000e-02;7.600000e-02
 1302;6.010000e-02;7.440000e-02
 1303;6.020000e-02;7.520000e-02
 1304;6.030000e-02;7.520000e-02
 1305;6.040000e-02;7.520000e-02
 1306;6.050000e-02;7.680000e-02
 1307;6.060000e-02;7.520000e-02
 1308;6.070000e-02;7.600000e-02
 1309;6.080000e-02;7.520000e-02
 1310;6.090000e-02;7.680000e-02
 1311;6.100000e-02;7.600000e-02
 1312;6.110000e-02;7.440000e-02
 1313;6.120000e-02;7.600000e-02
 1314;6.130000e-02;7.680000e-02
 1315;6.140000e-02;7.600000e-02
 1316;6.150000e-02;7.760000e-02
 1317;6.160000e-02;7.520000e-02
 1318;6.170000e-02;7.600000e-02
 1319;6.180000e-02;7.680000e-02
 1320;6.190000e-02;7.680000e-02
 1321;6.200000e-02;7.600000e-02
 1322;6.210000e-02;7.440000e-02
 1323;6.220000e-02;7.520000e-02
 1324;6.230000e-02;7.600000e-02
 1325;6.240000e-02;7.600000e-02
 1326;6.250000e-02;7.440000e-02
 1327;6.260000e-02;7.680000e-02
 1328;6.270000e-02;7.680000e-02
 1329;6.280000e-02;7.600000e-02
 1330;6.290000e-02;7.680000e-02
 1331;6.300000e-02;7.680000e-02
 1332;6.310000e-02;7.520000e-02
 1333;6.320000e-02;7.600000e-02
 1334;6.330000e-02;7.680000e-02
 1335;6.340000e-02;7.680000e-02
 1336;6.350000e-02;7.600000e-02
 1337;6.360000e-02;7.680000e-02
 1338;6.370000e-02;7.520000e-02
 1339;6.380000e-02;7.520000e-02
 1340;6.390000e-02;7.440000e-02
 1341;6.400000e-02;7.520000e-02
 1342;6.410000e-02;7.440000e-02
 1343;6.420000e-02;7.520000e-02
 1344;6.430000e-02;7.600000e-02
 1345;6.440000e-02;7.440000e-02
 1346;6.450000e-02;7.280000e-02
 1347;6.460000e-02;7.440000e-02
 1348;6.470000e-02;7.600000e-02
 1349;6.480000e-02;7.600000e-02
 1350;6.490000e-02;7.520000e-02
 1351;6.500000e-02;7.520000e-02
 1352;6.510000e-02;7.520000e-02
 1353;6.520000e-02;7.600000e-02
 1354;6.530000e-02;7.520000e-02
 1355;6.540000e-02;7.520000e-02
 1356;6.550000e-02;7.600000e-02
 1357;6.560000e-02;7.440000e-02
 1358;6.570000e-02;7.440000e-02
 1359;6.580000e-02;7.520000e-02
 1360;6.590000e-02;7.600000e-02
 1361;6.600000e-02;7.680000e-02
 1362;6.610000e-02;7.520000e-02
 1363;6.620000e-02;7.520000e-02
 1364;6.630000e-02;7.520000e-02
 1365;6.640000e-02;7.440000e-02
 1366;6.650000e-02;7.520000e-02
 1367;6.660000e-02;7.520000e-02
 1368;6.670000e-02;7.520000e-02
 1369;6.680000e-02;7.440000e-02
 1370;6.690000e-02;7.600000e-02
 1371;6.700000e-02;7.520000e-02
 1372;6.710000e-02;7.040000e-02
 1373;6.720000e-02;7.600000e-02
 1374;6.730000e-02;7.520000e-02
 1375;6.740000e-02;7.440000e-02
 1376;6.750000e-02;7.440000e-02
 1377;6.760000e-02;7.520000e-02
 1378;6.770000e-02;7.600000e-02
 1379;6.780000e-02;7.440000e-02
 1380;6.790000e-02;7.520000e-02
 1381;6.800000e-02;7.520000e-02
 1382;6.810000e-02;7.280000e-02
 1383;6.820000e-02;7.440000e-02
 1384;6.830000e-02;7.440000e-02
 1385;6.840000e-02;7.520000e-02
 1386;6.850000e-02;7.680000e-02
 1387;6.860000e-02;7.680000e-02
 1388;6.870000e-02;7.520000e-02
 1389;6.880000e-02;7.440000e-02
 1390;6.890000e-02;7.680000e-02
 1391;6.900000e-02;7.680000e-02
 1392;6.910000e-02;7.440000e-02
 1393;6.920000e-02;7.600000e-02
 1394;6.930000e-02;7.600000e-02
 1395;6.940000e-02;7.520000e-02
 1396;6.950000e-02;7.600000e-02
 1397;6.960000e-02;7.440000e-02
 1398;6.970000e-02;7.520000e-02
 1399;6.980000e-02;7.520000e-02
 1400;6.990000e-02;7.600000e-02
 1401;7.000000e-02;7.520000e-02
 1402;7.010000e-02;7.520000e-02
 1403;7.020000e-02;7.520000e-02
 1404;7.030000e-02;7.520000e-02
 1405;7.040000e-02;7.600000e-02
 1406;7.050000e-02;7.440000e-02
 1407;7.060000e-02;7.600000e-02
 1408;7.070000e-02;7.600000e-02
 1409;7.080000e-02;7.600000e-02
 1410;7.090000e-02;7.600000e-02
 1411;7.100000e-02;7.600000e-02
 1412;7.110000e-02;7.600000e-02
 1413;7.120000e-02;7.680000e-02
 1414;7.130000e-02;7.440000e-02
 1415;7.140000e-02;7.840000e-02
 1416;7.150000e-02;7.600000e-02
 1417;7.160000e-02;7.600000e-02
 1418;7.170000e-02;7.600000e-02
 1419;7.180000e-02;7.600000e-02
 1420;7.190000e-02;7.600000e-02
 1421;7.200000e-02;7.520000e-02
 1422;7.210000e-02;7.520000e-02
 1423;7.220000e-02;7.600000e-02
 1424;7.230000e-02;7.600000e-02
 1425;7.240000e-02;7.680000e-02
 1426;7.250000e-02;7.760000e-02
 1427;7.260000e-02;7.600000e-02
 1428;7.270000e-02;7.680000e-02
 1429;7.280000e-02;7.600000e-02
 1430;7.290000e-02;7.600000e-02
 1431;7.300000e-02;7.520000e-02
 1432;7.310000e-02;7.600000e-02
 1433;7.320000e-02;7.600000e-02
 1434;7.330000e-02;7.760000e-02
 1435;7.340000e-02;7.680000e-02
 1436;7.350000e-02;7.440000e-02
 1437;7.360000e-02;7.760000e-02
 1438;7.370000e-02;7.520000e-02
 1439;7.380000e-02;7.600000e-02
 1440;7.390000e-02;7.600000e-02
 1441;7.400000e-02;7.680000e-02
 1442;7.410000e-02;7.440000e-02
 1443;7.420000e-02;7.600000e-02
 1444;7.430000e-02;7.520000e-02
 1445;7.440000e-02;7.600000e-02
 1446;7.450000e-02;7.520000e-02
 1447;7.460000e-02;7.520000e-02
 1448;7.470000e-02;7.360000e-02
 1449;7.480000e-02;7.440000e-02
 1450;7.490000e-02;7.600000e-02
 1451;7.500000e-02;7.520000e-02
 1452;7.510000e-02;7.600000e-02
 1453;7.520000e-02;7.600000e-02
 1454;7.530000e-02;7.600000e-02
 1455;7.540000e-02;7.520000e-02
 1456;7.550000e-02;7.520000e-02
 1457;7.560000e-02;7.600000e-02
 1458;7.570000e-02;7.600000e-02
 1459;7.580000e-02;7.520000e-02
 1460;7.590000e-02;7.600000e-02
 1461;7.600000e-02;7.840000e-02
 1462;7.610000e-02;7.520000e-02
 1463;7.620000e-02;7.360000e-02
 1464;7.630000e-02;7.520000e-02
 1465;7.640000e-02;7.600000e-02
 1466;7.650000e-02;7.440000e-02
 1467;7.660000e-02;7.600000e-02
 1468;7.670000e-02;7.600000e-02
 1469;7.680000e-02;7.680000e-02
 1470;7.690000e-02;7.440000e-02
 1471;7.700000e-02;7.440000e-02
 1472;7.710000e-02;7.520000e-02
 1473;7.720000e-02;7.520000e-02
 1474;7.730000e-02;7.680000e-02
 1475;7.740000e-02;7.600000e-02
 1476;7.750000e-02;7.600000e-02
 1477;7.760000e-02;7.520000e-02
 1478;7.770000e-02;7.520000e-02
 1479;7.780000e-02;7.520000e-02
 1480;7.790000e-02;7.520000e-02
 1481;7.800000e-02;7.600000e-02
 1482;7.810000e-02;7.280000e-02
 1483;7.820000e-02;7.520000e-02
 1484;7.830000e-02;7.520000e-02
 1485;7.840000e-02;7.440000e-02
 1486;7.850000e-02;7.600000e-02
 1487;7.860000e-02;7.600000e-02
 1488;7.870000e-02;7.600000e-02
 1489;7.880000e-02;7.680000e-02
 1490;7.890000e-02;7.520000e-02
 1491;7.900000e-02;7.600000e-02
 1492;7.910000e-02;7.520000e-02
 1493;7.920000e-02;7.600000e-02
 1494;7.930000e-02;7.440000e-02
 1495;7.940000e-02;7.520000e-02
 1496;7.950000e-02;7.600000e-02
 1497;7.960000e-02;7.600000e-02
 1498;7.970000e-02;7.520000e-02
 1499;7.980000e-02;7.600000e-02
 1500;7.990000e-02;7.680000e-02
 1501;8.000000e-02;7.520000e-02
 1502;8.010000e-02;7.680000e-02
 1503;8.020000e-02;7.760000e-02
 1504;8.030000e-02;7.600000e-02
 1505;8.040000e-02;7.680000e-02
 1506;8.050000e-02;7.520000e-02
 1507;8.060000e-02;7.600000e-02
 1508;8.070000e-02;7.600000e-02
 1509;8.080000e-02;7.600000e-02
 1510;8.090000e-02;7.680000e-02
 1511;8.100000e-02;7.680000e-02
 1512;8.110000e-02;7.440000e-02
 1513;8.120000e-02;7.680000e-02
 1514;8.130000e-02;7.840000e-02
 1515;8.140000e-02;7.680000e-02
 1516;8.150000e-02;7.680000e-02
 1517;8.160000e-02;7.680000e-02
 1518;8.170000e-02;7.600000e-02
 1519;8.180000e-02;7.760000e-02
 1520;8.190000e-02;7.600000e-02
 1521;8.200000e-02;7.600000e-02
 1522;8.210000e-02;7.520000e-02
 1523;8.220000e-02;7.600000e-02
 1524;8.230000e-02;7.680000e-02
 1525;8.240000e-02;7.760000e-02
 1526;8.250000e-02;7.760000e-02
 1527;8.260000e-02;7.760000e-02
 1528;8.270000e-02;7.680000e-02
 1529;8.280000e-02;7.600000e-02
 1530;8.290000e-02;7.680000e-02
 1531;8.300000e-02;7.680000e-02
 1532;8.310000e-02;7.600000e-02
 1533;8.320000e-02;7.680000e-02
 1534;8.330000e-02;7.520000e-02
 1535;8.340000e-02;7.680000e-02
 1536;8.350000e-02;7.600000e-02
 1537;8.360000e-02;7.680000e-02
 1538;8.370000e-02;7.280000e-02
 1539;8.380000e-02;7.600000e-02
 1540;8.390000e-02;7.600000e-02
 1541;8.400000e-02;7.520000e-02
 1542;8.410000e-02;7.520000e-02
 1543;8.420000e-02;7.600000e-02
 1544;8.430000e-02;7.520000e-02
 1545;8.440000e-02;7.520000e-02
 1546;8.450000e-02;7.520000e-02
 1547;8.460000e-02;7.680000e-02
 1548;8.470000e-02;7.600000e-02
 1549;8.480000e-02;7.600000e-02
 1550;8.490000e-02;7.600000e-02
 1551;8.500000e-02;7.520000e-02
 1552;8.510000e-02;7.600000e-02
 1553;8.520000e-02;7.520000e-02
 1554;8.530000e-02;7.680000e-02
 1555;8.540000e-02;7.440000e-02
 1556;8.550000e-02;7.600000e-02
 1557;8.560000e-02;7.520000e-02
 1558;8.570000e-02;7.600000e-02
 1559;8.580000e-02;7.360000e-02
 1560;8.590000e-02;7.600000e-02
 1561;8.600000e-02;7.440000e-02
 1562;8.610000e-02;7.440000e-02
 1563;8.620000e-02;7.520000e-02
 1564;8.630000e-02;7.600000e-02
 1565;8.640000e-02;7.440000e-02
 1566;8.650000e-02;7.520000e-02
 1567;8.660000e-02;7.600000e-02
 1568;8.670000e-02;7.600000e-02
 1569;8.680000e-02;7.520000e-02
 1570;8.690000e-02;7.600000e-02
 1571;8.700000e-02;7.680000e-02
 1572;8.710000e-02;7.440000e-02
 1573;8.720000e-02;7.600000e-02
 1574;8.730000e-02;7.520000e-02
 1575;8.740000e-02;7.600000e-02
 1576;8.750000e-02;7.520000e-02
 1577;8.760000e-02;7.520000e-02
 1578;8.770000e-02;7.600000e-02
 1579;8.780000e-02;7.600000e-02
 1580;8.790000e-02;7.600000e-02
 1581;8.800000e-02;7.520000e-02
 1582;8.810000e-02;7.520000e-02
 1583;8.820000e-02;7.520000e-02
 1584;8.830000e-02;7.520000e-02
 1585;8.840000e-02;7.520000e-02
 1586;8.850000e-02;7.440000e-02
 1587;8.860000e-02;7.680000e-02
 1588;8.870000e-02;7.600000e-02
 1589;8.880000e-02;7.680000e-02
 1590;8.890000e-02;7.520000e-02
 1591;8.900000e-02;7.520000e-02
 1592;8.910000e-02;7.440000e-02
 1593;8.920000e-02;7.600000e-02
 1594;8.930000e-02;7.520000e-02
 1595;8.940000e-02;7.600000e-02
 1596;8.950000e-02;7.520000e-02
 1597;8.960000e-02;7.520000e-02
 1598;8.970000e-02;7.600000e-02
 1599;8.980000e-02;7.680000e-02
 1600;8.990000e-02;7.680000e-02
 1601;9.000000e-02;7.600000e-02
 1602;9.010000e-02;7.520000e-02
 1603;9.020000e-02;7.600000e-02
 1604;9.030000e-02;7.520000e-02
 1605;9.040000e-02;7.520000e-02
 1606;9.050000e-02;7.600000e-02
 1607;9.060000e-02;7.600000e-02
 1608;9.070000e-02;7.520000e-02
 1609;9.080000e-02;7.680000e-02
 1610;9.090000e-02;7.680000e-02
 1611;9.100000e-02;7.680000e-02
 1612;9.110000e-02;7.520000e-02
 1613;9.120000e-02;7.600000e-02
 1614;9.130000e-02;7.600000e-02
 1615;9.140000e-02;7.600000e-02
 1616;9.150000e-02;7.600000e-02
 1617;9.160000e-02;7.600000e-02
 1618;9.170000e-02;7.680000e-02
 1619;9.180000e-02;7.600000e-02
 1620;9.190000e-02;7.680000e-02
 1621;9.200000e-02;7.680000e-02
 1622;9.210000e-02;7.760000e-02
 1623;9.220000e-02;7.680000e-02
 1624;9.230000e-02;7.600000e-02
 1625;9.240000e-02;7.760000e-02
 1626;9.250000e-02;7.600000e-02
 1627;9.260000e-02;7.520000e-02
 1628;9.270000e-02;7.760000e-02
 1629;9.280000e-02;7.520000e-02
 1630;9.290000e-02;7.680000e-02
 1631;9.300000e-02;7.680000e-02
 1632;9.310000e-02;7.680000e-02
 1633;9.320000e-02;7.760000e-02
 1634;9.330000e-02;7.600000e-02
 1635;9.340000e-02;7.520000e-02
 1636;9.350000e-02;7.440000e-02
 1637;9.360000e-02;7.680000e-02
 1638;9.370000e-02;7.760000e-02
 1639;9.380000e-02;7.680000e-02
 1640;9.390000e-02;7.520000e-02
 1641;9.400000e-02;7.600000e-02
 1642;9.410000e-02;7.600000e-02
 1643;9.420000e-02;7.520000e-02
 1644;9.430000e-02;7.520000e-02
 1645;9.440000e-02;7.600000e-02
 1646;9.450000e-02;7.600000e-02
 1647;9.460000e-02;7.440000e-02
 1648;9.470000e-02;7.440000e-02
 1649;9.480000e-02;7.600000e-02
 1650;9.490000e-02;7.440000e-02
 1651;9.500000e-02;7.520000e-02
 1652;9.510000e-02;7.360000e-02
 1653;9.520000e-02;7.360000e-02
 1654;9.530000e-02;7.360000e-02
 1655;9.540000e-02;7.200000e-02
 1656;9.550000e-02;7.200000e-02
 1657;9.560000e-02;7.280000e-02
 1658;9.570000e-02;7.200000e-02
 1659;9.580000e-02;7.040000e-02
 1660;9.590000e-02;7.040000e-02
 1661;9.600000e-02;6.960000e-02
 1662;9.610000e-02;6.800000e-02
 1663;9.620000e-02;6.880000e-02
 1664;9.630000e-02;6.800000e-02
 1665;9.640000e-02;6.720000e-02
 1666;9.650000e-02;6.720000e-02
 1667;9.660000e-02;6.720000e-02
 1668;9.670000e-02;6.560000e-02
 1669;9.680000e-02;6.400000e-02
 1670;9.690000e-02;6.320000e-02
 1671;9.700000e-02;6.320000e-02
 1672;9.710000e-02;6.240000e-02
 1673;9.720000e-02;6.240000e-02
 1674;9.730000e-02;6.000000e-02
 1675;9.740000e-02;6.000000e-02
 1676;9.750000e-02;6.080000e-02
 1677;9.760000e-02;5.920000e-02
 1678;9.770000e-02;5.840000e-02
 1679;9.780000e-02;5.760000e-02
 1680;9.790000e-02;5.600000e-02
 1681;9.800000e-02;5.520000e-02
 1682;9.810000e-02;5.520000e-02
 1683;9.820000e-02;5.360000e-02
 1684;9.830000e-02;5.360000e-02
 1685;9.840000e-02;5.200000e-02
 1686;9.850000e-02;4.960000e-02
 1687;9.860000e-02;5.120000e-02
 1688;9.870000e-02;5.040000e-02
 1689;9.880000e-02;4.960000e-02
 1690;9.890000e-02;4.960000e-02
 1691;9.900000e-02;4.720000e-02
 1692;9.910000e-02;4.720000e-02
 1693;9.920000e-02;4.720000e-02
 1694;9.930000e-02;4.480000e-02
 1695;9.940000e-02;4.560000e-02
 1696;9.950000e-02;4.320000e-02
 1697;9.960000e-02;4.240000e-02
 1698;9.970000e-02;4.240000e-02
 1699;9.980000e-02;4.240000e-02
 1700;9.990000e-02;4.240000e-02
 1701;1.000000e-01;4.080000e-02
 1702;1.001000e-01;3.920000e-02
 1703;1.002000e-01;4.000000e-02
 1704;1.003000e-01;4.000000e-02
 1705;1.004000e-01;3.760000e-02
 1706;1.005000e-01;3.680000e-02
 1707;1.006000e-01;3.600000e-02
 1708;1.007000e-01;3.600000e-02
 1709;1.008000e-01;3.520000e-02
 1710;1.009000e-01;3.440000e-02
 1711;1.010000e-01;3.440000e-02
 1712;1.011000e-01;3.440000e-02
 1713;1.012000e-01;3.360000e-02
 1714;1.013000e-01;3.120000e-02
 1715;1.014000e-01;3.280000e-02
 1716;1.015000e-01;3.280000e-02
 1717;1.016000e-01;3.120000e-02
 1718;1.017000e-01;3.040000e-02
 1719;1.018000e-01;2.960000e-02
 1720;1.019000e-01;2.880000e-02
 1721;1.020000e-01;2.720000e-02
 1722;1.021000e-01;2.720000e-02
 1723;1.022000e-01;3.040000e-02
 1724;1.023000e-01;2.880000e-02
 1725;1.024000e-01;2.720000e-02
 1726;1.025000e-01;2.640000e-02
 1727;1.026000e-01;2.640000e-02
 1728;1.027000e-01;2.800000e-02
 1729;1.028000e-01;2.560000e-02
 1730;1.029000e-01;2.480000e-02
 1731;1.030000e-01;2.480000e-02
 1732;1.031000e-01;2.400000e-02
 1733;1.032000e-01;2.400000e-02
 1734;1.033000e-01;2.480000e-02
 1735;1.034000e-01;2.320000e-02
 1736;1.035000e-01;2.240000e-02
 1737;1.036000e-01;2.160000e-02
 1738;1.037000e-01;2.240000e-02
 1739;1.038000e-01;2.240000e-02
 1740;1.039000e-01;2.160000e-02
 1741;1.040000e-01;2.160000e-02
 1742;1.041000e-01;2.240000e-02
 1743;1.042000e-01;2.080000e-02
 1744;1.043000e-01;2.080000e-02
 1745;1.044000e-01;2.000000e-02
 1746;1.045000e-01;2.080000e-02
 1747;1.046000e-01;2.000000e-02
 1748;1.047000e-01;1.840000e-02
 1749;1.048000e-01;2.000000e-02
 1750;1.049000e-01;1.840000e-02
 1751;1.050000e-01;1.840000e-02
 1752;1.051000e-01;1.760000e-02
 1753;1.052000e-01;1.680000e-02
 1754;1.053000e-01;1.920000e-02
 1755;1.054000e-01;1.840000e-02
 1756;1.055000e-01;1.840000e-02
 1757;1.056000e-01;1.920000e-02
 1758;1.057000e-01;1.680000e-02
 1759;1.058000e-01;1.840000e-02
 1760;1.059000e-01;1.680000e-02
 1761;1.060000e-01;1.760000e-02
 1762;1.061000e-01;1.840000e-02
 1763;1.062000e-01;1.680000e-02
 1764;1.063000e-01;1.760000e-02
 1765;1.064000e-01;1.840000e-02
 1766;1.065000e-01;1.760000e-02
 1767;1.066000e-01;1.840000e-02
 1768;1.067000e-01;1.600000e-02
 1769;1.068000e-01;1.600000e-02
 1770;1.069000e-01;1.680000e-02
 1771;1.070000e-01;1.760000e-02
 1772;1.071000e-01;1.520000e-02
 1773;1.072000e-01;1.760000e-02
 1774;1.073000e-01;1.600000e-02
 1775;1.074000e-01;1.760000e-02
 1776;1.075000e-01;1.680000e-02
 1777;1.076000e-01;1.520000e-02
 1778;1.077000e-01;1.680000e-02
 1779;1.078000e-01;1.600000e-02
 1780;1.079000e-01;1.680000e-02
 1781;1.080000e-01;1.600000e-02
 1782;1.081000e-01;1.520000e-02
 1783;1.082000e-01;1.600000e-02
 1784;1.083000e-01;1.760000e-02
 1785;1.084000e-01;1.520000e-02
 1786;1.085000e-01;1.520000e-02
 1787;1.086000e-01;1.680000e-02
 1788;1.087000e-01;1.520000e-02
 1789;1.088000e-01;1.760000e-02
 1790;1.089000e-01;1.600000e-02
 1791;1.090000e-01;1.520000e-02
 1792;1.091000e-01;1.600000e-02
 1793;1.092000e-01;1.600000e-02
 1794;1.093000e-01;1.600000e-02
 1795;1.094000e-01;1.600000e-02
 1796;1.095000e-01;1.520000e-02
 1797;1.096000e-01;1.680000e-02
 1798;1.097000e-01;1.680000e-02
 1799;1.098000e-01;1.600000e-02
 1800;1.099000e-01;1.680000e-02
 1801;1.100000e-01;1.680000e-02
 1802;1.101000e-01;1.520000e-02
 1803;1.102000e-01;1.520000e-02
 1804;1.103000e-01;1.680000e-02
 1805;1.104000e-01;1.760000e-02
 1806;1.105000e-01;1.600000e-02
 1807;1.106000e-01;1.760000e-02
 1808;1.107000e-01;1.680000e-02
 1809;1.108000e-01;1.760000e-02
 1810;1.109000e-01;1.680000e-02
 1811;1.110000e-01;1.680000e-02
 1812;1.111000e-01;1.600000e-02
 1813;1.112000e-01;1.520000e-02
 1814;1.113000e-01;1.600000e-02
 1815;1.114000e-01;1.680000e-02
 1816;1.115000e-01;1.600000e-02
 1817;1.116000e-01;1.680000e-02
 1818;1.117000e-01;1.600000e-02
 1819;1.118000e-01;1.680000e-02
 1820;1.119000e-01;1.600000e-02
 1821;1.120000e-01;1.600000e-02
 1822;1.121000e-01;1.600000e-02
 1823;1.122000e-01;1.600000e-02
 1824;1.123000e-01;1.600000e-02
 1825;1.124000e-01;1.600000e-02
 1826;1.125000e-01;1.600000e-02
 1827;1.126000e-01;1.520000e-02
 1828;1.127000e-01;1.600000e-02
 1829;1.128000e-01;1.600000e-02
 1830;1.129000e-01;1.680000e-02
 1831;1.130000e-01;1.680000e-02
 1832;1.131000e-01;1.680000e-02
 1833;1.132000e-01;1.520000e-02
 1834;1.133000e-01;1.600000e-02
 1835;1.134000e-01;1.600000e-02
 1836;1.135000e-01;1.600000e-02
 1837;1.136000e-01;1.600000e-02
 1838;1.137000e-01;1.520000e-02
 1839;1.138000e-01;1.440000e-02
 1840;1.139000e-01;1.600000e-02
 1841;1.140000e-01;1.520000e-02
 1842;1.141000e-01;1.520000e-02
 1843;1.142000e-01;1.440000e-02
 1844;1.143000e-01;1.440000e-02
 1845;1.144000e-01;1.440000e-02
 1846;1.145000e-01;1.360000e-02
 1847;1.146000e-01;1.520000e-02
 1848;1.147000e-01;1.440000e-02
 1849;1.148000e-01;1.520000e-02
 1850;1.149000e-01;1.440000e-02
 1851;1.150000e-01;1.600000e-02
 1852;1.151000e-01;1.600000e-02
 1853;1.152000e-01;1.520000e-02
 1854;1.153000e-01;1.440000e-02
 1855;1.154000e-01;1.440000e-02
 1856;1.155000e-01;1.600000e-02
 1857;1.156000e-01;1.440000e-02
 1858;1.157000e-01;1.520000e-02
 1859;1.158000e-01;1.440000e-02
 1860;1.159000e-01;1.600000e-02
 1861;1.160000e-01;1.360000e-02
 1862;1.161000e-01;1.600000e-02
 1863;1.162000e-01;1.520000e-02
 1864;1.163000e-01;1.520000e-02
 1865;1.164000e-01;1.520000e-02
 1866;1.165000e-01;1.440000e-02
 1867;1.166000e-01;1.600000e-02
 1868;1.167000e-01;1.520000e-02
 1869;1.168000e-01;1.520000e-02
 1870;1.169000e-01;1.440000e-02
 1871;1.170000e-01;1.600000e-02
 1872;1.171000e-01;1.520000e-02
 1873;1.172000e-01;1.600000e-02
 1874;1.173000e-01;1.360000e-02
 1875;1.174000e-01;1.520000e-02
 1876;1.175000e-01;1.520000e-02
 1877;1.176000e-01;1.600000e-02
 1878;1.177000e-01;1.520000e-02
 1879;1.178000e-01;1.600000e-02
 1880;1.179000e-01;1.440000e-02
 1881;1.180000e-01;1.600000e-02
 1882;1.181000e-01;1.440000e-02
 1883;1.182000e-01;1.360000e-02
 1884;1.183000e-01;1.600000e-02
 1885;1.184000e-01;1.520000e-02
 1886;1.185000e-01;1.520000e-02
 1887;1.186000e-01;1.360000e-02
 1888;1.187000e-01;1.440000e-02
 1889;1.188000e-01;1.520000e-02
 1890;1.189000e-01;1.520000e-02
 1891;1.190000e-01;1.520000e-02
 1892;1.191000e-01;1.440000e-02
 1893;1.192000e-01;1.520000e-02
 1894;1.193000e-01;1.600000e-02
 1895;1.194000e-01;1.520000e-02
 1896;1.195000e-01;1.600000e-02
 1897;1.196000e-01;1.360000e-02
 1898;1.197000e-01;1.520000e-02
 1899;1.198000e-01;1.600000e-02
 1900;1.199000e-01;1.680000e-02
 1901;1.200000e-01;1.520000e-02
 1902;1.201000e-01;1.520000e-02
 1903;1.202000e-01;1.600000e-02
 1904;1.203000e-01;1.520000e-02
 1905;1.204000e-01;1.680000e-02
 1906;1.205000e-01;1.680000e-02
 1907;1.206000e-01;1.440000e-02
 1908;1.207000e-01;1.600000e-02
 1909;1.208000e-01;1.600000e-02
 1910;1.209000e-01;1.520000e-02
 1911;1.210000e-01;1.440000e-02
 1912;1.211000e-01;1.680000e-02
 1913;1.212000e-01;1.600000e-02
 1914;1.213000e-01;1.760000e-02
 1915;1.214000e-01;1.440000e-02
 1916;1.215000e-01;1.600000e-02
 1917;1.216000e-01;1.600000e-02
 1918;1.217000e-01;1.600000e-02
 1919;1.218000e-01;1.600000e-02
 1920;1.219000e-01;1.520000e-02
 1921;1.220000e-01;1.520000e-02
 1922;1.221000e-01;1.520000e-02
 1923;1.222000e-01;2.000000e-02
 1924;1.223000e-01;1.600000e-02
 1925;1.224000e-01;1.600000e-02
 1926;1.225000e-01;1.520000e-02
 1927;1.226000e-01;1.520000e-02
 1928;1.227000e-01;1.520000e-02
 1929;1.228000e-01;1.520000e-02
 1930;1.229000e-01;1.600000e-02
 1931;1.230000e-01;1.680000e-02
 1932;1.231000e-01;1.520000e-02
 1933;1.232000e-01;1.520000e-02
 1934;1.233000e-01;1.520000e-02
 1935;1.234000e-01;1.520000e-02
 1936;1.235000e-01;1.600000e-02
 1937;1.236000e-01;1.520000e-02
 1938;1.237000e-01;1.520000e-02
 1939;1.238000e-01;1.520000e-02
 1940;1.239000e-01;1.520000e-02
 1941;1.240000e-01;1.440000e-02
 1942;1.241000e-01;1.280000e-02
 1943;1.242000e-01;1.520000e-02
 1944;1.243000e-01;1.520000e-02
 1945;1.244000e-01;1.440000e-02
 1946;1.245000e-01;1.520000e-02
 1947;1.246000e-01;1.440000e-02
 1948;1.247000e-01;1.280000e-02
 1949;1.248000e-01;1.440000e-02
 1950;1.249000e-01;1.520000e-02
 1951;1.250000e-01;1.360000e-02
 1952;1.251000e-01;1.520000e-02
 1953;1.252000e-01;1.440000e-02
 1954;1.253000e-01;1.440000e-02
 1955;1.254000e-01;1.600000e-02
 1956;1.255000e-01;1.520000e-02
 1957;1.256000e-01;1.520000e-02
 1958;1.257000e-01;1.520000e-02
 1959;1.258000e-01;1.360000e-02
 1960;1.259000e-01;1.520000e-02
 1961;1.260000e-01;1.440000e-02
 1962;1.261000e-01;1.440000e-02
 1963;1.262000e-01;1.360000e-02
 1964;1.263000e-01;1.360000e-02
 1965;1.264000e-01;1.520000e-02
 1966;1.265000e-01;1.360000e-02
 1967;1.266000e-01;1.440000e-02
 1968;1.267000e-01;1.680000e-02
 1969;1.268000e-01;1.600000e-02
 1970;1.269000e-01;1.440000e-02
 1971;1.270000e-01;1.520000e-02
 1972;1.271000e-01;1.280000e-02
 1973;1.272000e-01;1.440000e-02
 1974;1.273000e-01;1.440000e-02
 1975;1.274000e-01;1.440000e-02
 1976;1.275000e-01;1.440000e-02
 1977;1.276000e-01;1.520000e-02
 1978;1.277000e-01;1.600000e-02
 1979;1.278000e-01;1.440000e-02
 1980;1.279000e-01;1.360000e-02
 1981;1.280000e-01;1.520000e-02
 1982;1.281000e-01;1.440000e-02
 1983;1.282000e-01;1.440000e-02
 1984;1.283000e-01;1.520000e-02
 1985;1.284000e-01;8.000000e-03
 1986;1.285000e-01;1.440000e-02
 1987;1.286000e-01;1.680000e-02
 1988;1.287000e-01;1.520000e-02
 1989;1.288000e-01;1.360000e-02
 1990;1.289000e-01;1.680000e-02
 1991;1.290000e-01;1.600000e-02
 1992;1.291000e-01;1.520000e-02
 1993;1.292000e-01;1.440000e-02
 1994;1.293000e-01;1.520000e-02
 1995;1.294000e-01;1.360000e-02
 1996;1.295000e-01;1.520000e-02
 1997;1.296000e-01;1.600000e-02
 1998;1.297000e-01;1.520000e-02
 1999;1.298000e-01;1.360000e-02
 2000;1.299000e-01;1.600000e-02
 2001;1.300000e-01;1.520000e-02
 2002;1.301000e-01;1.280000e-02
 2003;1.302000e-01;1.360000e-02
 2004;1.303000e-01;1.600000e-02
 2005;1.304000e-01;1.520000e-02
 2006;1.305000e-01;1.600000e-02
 2007;1.306000e-01;1.600000e-02
 2008;1.307000e-01;1.520000e-02
 2009;1.308000e-01;1.680000e-02
 2010;1.309000e-01;1.520000e-02
 2011;1.310000e-01;1.520000e-02
 2012;1.311000e-01;1.520000e-02
 2013;1.312000e-01;1.680000e-02
 2014;1.313000e-01;1.600000e-02
 2015;1.314000e-01;1.520000e-02
 2016;1.315000e-01;1.680000e-02
 2017;1.316000e-01;1.680000e-02
 2018;1.317000e-01;1.600000e-02
 2019;1.318000e-01;1.440000e-02
 2020;1.319000e-01;1.680000e-02
 2021;1.320000e-01;1.520000e-02
 2022;1.321000e-01;1.520000e-02
 2023;1.322000e-01;1.840000e-02
 2024;1.323000e-01;1.520000e-02
 2025;1.324000e-01;1.440000e-02
 2026;1.325000e-01;1.680000e-02
 2027;1.326000e-01;1.360000e-02
 2028;1.327000e-01;1.600000e-02
 2029;1.328000e-01;1.520000e-02
 2030;1.329000e-01;1.600000e-02
 2031;1.330000e-01;1.600000e-02
 2032;1.331000e-01;1.360000e-02
 2033;1.332000e-01;1.680000e-02
 2034;1.333000e-01;1.680000e-02
 2035;1.334000e-01;1.600000e-02
 2036;1.335000e-01;1.680000e-02
 2037;1.336000e-01;1.520000e-02
 2038;1.337000e-01;1.680000e-02
 2039;1.338000e-01;1.440000e-02
 2040;1.339000e-01;1.680000e-02
 2041;1.340000e-01;1.600000e-02
 2042;1.341000e-01;1.440000e-02
 2043;1.342000e-01;1.520000e-02
 2044;1.343000e-01;1.600000e-02
 2045;1.344000e-01;1.520000e-02
 2046;1.345000e-01;1.440000e-02
 2047;1.346000e-01;1.600000e-02
 2048;1.347000e-01;1.440000e-02
 2049;1.348000e-01;1.440000e-02
 2050;1.349000e-01;1.520000e-02
 2051;1.350000e-01;1.440000e-02
 2052;1.351000e-01;1.600000e-02
 2053;1.352000e-01;1.760000e-02
 2054;1.353000e-01;1.360000e-02
 2055;1.354000e-01;1.440000e-02
 2056;1.355000e-01;1.520000e-02
 2057;1.356000e-01;1.520000e-02
 2058;1.357000e-01;1.440000e-02
 2059;1.358000e-01;1.440000e-02
 2060;1.359000e-01;1.440000e-02
 2061;1.360000e-01;1.520000e-02
 2062;1.361000e-01;1.600000e-02
 2063;1.362000e-01;1.600000e-02
 2064;1.363000e-01;1.520000e-02
 2065;1.364000e-01;1.440000e-02
 2066;1.365000e-01;1.520000e-02
 2067;1.366000e-01;1.440000e-02
 2068;1.367000e-01;1.600000e-02
 2069;1.368000e-01;1.520000e-02
 2070;1.369000e-01;1.440000e-02
 2071;1.370000e-01;1.520000e-02
 2072;1.371000e-01;1.440000e-02
 2073;1.372000e-01;1.520000e-02
 2074;1.373000e-01;1.520000e-02
 2075;1.374000e-01;1.600000e-02
 2076;1.375000e-01;1.600000e-02
 2077;1.376000e-01;1.600000e-02
 2078;1.377000e-01;1.440000e-02
 2079;1.378000e-01;1.440000e-02
 2080;1.379000e-01;1.360000e-02
 2081;1.380000e-01;1.520000e-02
 2082;1.381000e-01;1.520000e-02
 2083;1.382000e-01;1.520000e-02
 2084;1.383000e-01;1.520000e-02
 2085;1.384000e-01;1.360000e-02
 2086;1.385000e-01;1.520000e-02
 2087;1.386000e-01;1.600000e-02
 2088;1.387000e-01;1.600000e-02
 2089;1.388000e-01;1.680000e-02
 2090;1.389000e-01;1.440000e-02
 2091;1.390000e-01;1.440000e-02
 2092;1.391000e-01;1.520000e-02
 2093;1.392000e-01;1.520000e-02
 2094;1.393000e-01;1.600000e-02
 2095;1.394000e-01;1.520000e-02
 2096;1.395000e-01;1.440000e-02
 2097;1.396000e-01;1.520000e-02
 2098;1.397000e-01;1.520000e-02
 2099;1.398000e-01;1.440000e-02
 2100;1.399000e-01;1.600000e-02
 2101;1.400000e-01;1.520000e-02
 2102;1.401000e-01;1.520000e-02
 2103;1.402000e-01;1.600000e-02
 2104;1.403000e-01;1.520000e-02
 2105;1.404000e-01;1.520000e-02
 2106;1.405000e-01;1.600000e-02
 2107;1.406000e-01;1.280000e-02
 2108;1.407000e-01;1.680000e-02
 2109;1.408000e-01;1.600000e-02
 2110;1.409000e-01;1.520000e-02
 2111;1.410000e-01;1.680000e-02
 2112;1.411000e-01;1.600000e-02
 2113;1.412000e-01;1.600000e-02
 2114;1.413000e-01;1.520000e-02
 2115;1.414000e-01;1.760000e-02
 2116;1.415000e-01;1.600000e-02
 2117;1.416000e-01;1.680000e-02
 2118;1.417000e-01;1.520000e-02
 2119;1.418000e-01;1.600000e-02
 2120;1.419000e-01;1.600000e-02
 2121;1.420000e-01;1.680000e-02
 2122;1.421000e-01;1.520000e-02
 2123;1.422000e-01;1.520000e-02
 2124;1.423000e-01;1.680000e-02
 2125;1.424000e-01;1.680000e-02
 2126;1.425000e-01;1.520000e-02
 2127;1.426000e-01;1.600000e-02
 2128;1.427000e-01;1.600000e-02
 2129;1.428000e-01;1.520000e-02
 2130;1.429000e-01;1.840000e-02
 2131;1.430000e-01;1.680000e-02
 2132;1.431000e-01;1.520000e-02
 2133;1.432000e-01;1.440000e-02
 2134;1.433000e-01;1.600000e-02
 2135;1.434000e-01;1.440000e-02
 2136;1.435000e-01;1.280000e-02
 2137;1.436000e-01;1.520000e-02
 2138;1.437000e-01;1.520000e-02
 2139;1.438000e-01;1.600000e-02
 2140;1.439000e-01;1.440000e-02
 2141;1.440000e-01;1.520000e-02
 2142;1.441000e-01;1.600000e-02
 2143;1.442000e-01;1.520000e-02
 2144;1.443000e-01;1.440000e-02
 2145;1.444000e-01;1.360000e-02
 2146;1.445000e-01;1.520000e-02
 2147;1.446000e-01;1.520000e-02
 2148;1.447000e-01;1.600000e-02
 2149;1.448000e-01;1.520000e-02
 2150;1.449000e-01;1.520000e-02
 2151;1.450000e-01;1.440000e-02
 2152;1.451000e-01;1.440000e-02
 2153;1.452000e-01;1.360000e-02
 2154;1.453000e-01;1.520000e-02
 2155;1.454000e-01;1.520000e-02
 2156;1.455000e-01;1.440000e-02
 2157;1.456000e-01;1.600000e-02
 2158;1.457000e-01;1.520000e-02
 2159;1.458000e-01;1.440000e-02
 2160;1.459000e-01;1.360000e-02
 2161;1.460000e-01;1.440000e-02
 2162;1.461000e-01;1.520000e-02
 2163;1.462000e-01;1.440000e-02
 2164;1.463000e-01;1.440000e-02
 2165;1.464000e-01;1.440000e-02
 2166;1.465000e-01;1.440000e-02
 2167;1.466000e-01;1.520000e-02
 2168;1.467000e-01;1.520000e-02
 2169;1.468000e-01;1.680000e-02
 2170;1.469000e-01;1.520000e-02
 2171;1.470000e-01;1.600000e-02
 2172;1.471000e-01;1.600000e-02
 2173;1.472000e-01;1.360000e-02
 2174;1.473000e-01;1.440000e-02
 2175;1.474000e-01;1.600000e-02
 2176;1.475000e-01;1.520000e-02
 2177;1.476000e-01;1.600000e-02
 2178;1.477000e-01;1.600000e-02
 2179;1.478000e-01;1.520000e-02
 2180;1.479000e-01;1.440000e-02
 2181;1.480000e-01;1.440000e-02
 2182;1.481000e-01;1.520000e-02
 2183;1.482000e-01;1.600000e-02
 2184;1.483000e-01;1.440000e-02
 2185;1.484000e-01;1.520000e-02
 2186;1.485000e-01;1.520000e-02
 2187;1.486000e-01;1.520000e-02
 2188;1.487000e-01;1.600000e-02
 2189;1.488000e-01;1.440000e-02
 2190;1.489000e-01;1.520000e-02
 2191;1.490000e-01;1.440000e-02
 2192;1.491000e-01;1.520000e-02
 2193;1.492000e-01;1.520000e-02
 2194;1.493000e-01;1.520000e-02
 2195;1.494000e-01;1.520000e-02
 2196;1.495000e-01;1.440000e-02
 2197;1.496000e-01;1.520000e-02
 2198;1.497000e-01;1.360000e-02
 2199;1.498000e-01;1.680000e-02
 2200;1.499000e-01;1.600000e-02
 2201;1.500000e-01;1.440000e-02
 2202;1.501000e-01;1.520000e-02
 2203;1.502000e-01;1.600000e-02
 2204;1.503000e-01;1.600000e-02
 2205;1.504000e-01;1.920000e-02
 2206;1.505000e-01;1.680000e-02
 2207;1.506000e-01;1.600000e-02
 2208;1.507000e-01;1.600000e-02
 2209;1.508000e-01;1.520000e-02
 2210;1.509000e-01;1.680000e-02
 2211;1.510000e-01;1.680000e-02
 2212;1.511000e-01;1.600000e-02
 2213;1.512000e-01;1.600000e-02
 2214;1.513000e-01;1.520000e-02
 2215;1.514000e-01;1.600000e-02
 2216;1.515000e-01;1.680000e-02
 2217;1.516000e-01;1.440000e-02
 2218;1.517000e-01;1.520000e-02
 2219;1.518000e-01;1.600000e-02
 2220;1.519000e-01;1.600000e-02
 2221;1.520000e-01;1.440000e-02
 2222;1.521000e-01;1.600000e-02
 2223;1.522000e-01;1.760000e-02
 2224;1.523000e-01;1.520000e-02
 2225;1.524000e-01;1.600000e-02
 2226;1.525000e-01;1.600000e-02
 2227;1.526000e-01;1.600000e-02
 2228;1.527000e-01;1.600000e-02
 2229;1.528000e-01;1.600000e-02
 2230;1.529000e-01;1.680000e-02
 2231;1.530000e-01;1.680000e-02
 2232;1.531000e-01;1.600000e-02
 2233;1.532000e-01;1.680000e-02
 2234;1.533000e-01;1.680000e-02
 2235;1.534000e-01;1.680000e-02
 2236;1.535000e-01;1.600000e-02
 2237;1.536000e-01;1.520000e-02
 2238;1.537000e-01;1.680000e-02
 2239;1.538000e-01;1.600000e-02
 2240;1.539000e-01;1.520000e-02
 2241;1.540000e-01;1.600000e-02
 2242;1.541000e-01;1.600000e-02
 2243;1.542000e-01;1.440000e-02
 2244;1.543000e-01;1.440000e-02
 2245;1.544000e-01;1.600000e-02
 2246;1.545000e-01;1.360000e-02
 2247;1.546000e-01;1.440000e-02
 2248;1.547000e-01;1.440000e-02
 2249;1.548000e-01;1.600000e-02
 2250;1.549000e-01;1.600000e-02
 2251;1.550000e-01;1.520000e-02
 2252;1.551000e-01;1.440000e-02
 2253;1.552000e-01;1.360000e-02
 2254;1.553000e-01;1.440000e-02
 2255;1.554000e-01;1.440000e-02
 2256;1.555000e-01;1.440000e-02
 2257;1.556000e-01;1.440000e-02
 2258;1.557000e-01;1.440000e-02
 2259;1.558000e-01;1.520000e-02
 2260;1.559000e-01;1.440000e-02
 2261;1.560000e-01;1.520000e-02
 2262;1.561000e-01;1.600000e-02
 2263;1.562000e-01;1.520000e-02
 2264;1.563000e-01;1.440000e-02
 2265;1.564000e-01;1.520000e-02
 2266;1.565000e-01;1.440000e-02
 2267;1.566000e-01;1.520000e-02
 2268;1.567000e-01;1.440000e-02
 2269;1.568000e-01;1.440000e-02
 2270;1.569000e-01;1.440000e-02
 2271;1.570000e-01;1.440000e-02
 2272;1.571000e-01;1.440000e-02
 2273;1.572000e-01;1.520000e-02
 2274;1.573000e-01;1.520000e-02
 2275;1.574000e-01;1.440000e-02
 2276;1.575000e-01;1.360000e-02
 2277;1.576000e-01;1.360000e-02
 2278;1.577000e-01;1.600000e-02
 2279;1.578000e-01;1.520000e-02
 2280;1.579000e-01;1.520000e-02
 2281;1.580000e-01;1.520000e-02
 2282;1.581000e-01;1.520000e-02
 2283;1.582000e-01;1.440000e-02
 2284;1.583000e-01;1.520000e-02
 2285;1.584000e-01;1.600000e-02
 2286;1.585000e-01;1.440000e-02
 2287;1.586000e-01;1.440000e-02
 2288;1.587000e-01;1.440000e-02
 2289;1.588000e-01;1.600000e-02
 2290;1.589000e-01;1.360000e-02
 2291;1.590000e-01;1.520000e-02
 2292;1.591000e-01;1.520000e-02
 2293;1.592000e-01;1.440000e-02
 2294;1.593000e-01;1.440000e-02
 2295;1.594000e-01;1.520000e-02
 2296;1.595000e-01;1.360000e-02
 2297;1.596000e-01;1.600000e-02
 2298;1.597000e-01;1.520000e-02
 2299;1.598000e-01;1.520000e-02
 2300;1.599000e-01;1.520000e-02
 2301;1.600000e-01;1.600000e-02
 2302;1.601000e-01;1.520000e-02
 2303;1.602000e-01;1.600000e-02
 2304;1.603000e-01;1.520000e-02
 2305;1.604000e-01;1.600000e-02
 2306;1.605000e-01;1.600000e-02
 2307;1.606000e-01;1.520000e-02
 2308;1.607000e-01;1.520000e-02
 2309;1.608000e-01;1.520000e-02
 2310;1.609000e-01;1.600000e-02
 2311;1.610000e-01;1.600000e-02
 2312;1.611000e-01;1.600000e-02
 2313;1.612000e-01;1.600000e-02
 2314;1.613000e-01;1.600000e-02
 2315;1.614000e-01;1.600000e-02
 2316;1.615000e-01;1.760000e-02
 2317;1.616000e-01;1.600000e-02
 2318;1.617000e-01;1.520000e-02
 2319;1.618000e-01;1.760000e-02
 2320;1.619000e-01;1.440000e-02
 2321;1.620000e-01;1.600000e-02
 2322;1.621000e-01;1.600000e-02
 2323;1.622000e-01;1.600000e-02
 2324;1.623000e-01;1.520000e-02
 2325;1.624000e-01;1.600000e-02
 2326;1.625000e-01;1.760000e-02
 2327;1.626000e-01;1.680000e-02
 2328;1.627000e-01;1.600000e-02
 2329;1.628000e-01;1.520000e-02
 2330;1.629000e-01;1.680000e-02
 2331;1.630000e-01;1.680000e-02
 2332;1.631000e-01;1.680000e-02
 2333;1.632000e-01;1.600000e-02
 2334;1.633000e-01;1.520000e-02
 2335;1.634000e-01;1.520000e-02
 2336;1.635000e-01;1.440000e-02
 2337;1.636000e-01;1.520000e-02
 2338;1.637000e-01;1.600000e-02
 2339;1.638000e-01;1.760000e-02
 2340;1.639000e-01;1.520000e-02
 2341;1.640000e-01;1.520000e-02
 2342;1.641000e-01;1.600000e-02
 2343;1.642000e-01;1.520000e-02
 2344;1.643000e-01;1.520000e-02
 2345;1.644000e-01;1.520000e-02
 2346;1.645000e-01;1.520000e-02
 2347;1.646000e-01;1.520000e-02
 2348;1.647000e-01;1.440000e-02
 2349;1.648000e-01;1.520000e-02
 2350;1.649000e-01;1.600000e-02
 2351;1.650000e-01;1.440000e-02
 2352;1.651000e-01;1.440000e-02
 2353;1.652000e-01;1.520000e-02
 2354;1.653000e-01;1.440000e-02
 2355;1.654000e-01;1.440000e-02
 2356;1.655000e-01;1.440000e-02
 2357;1.656000e-01;1.520000e-02
 2358;1.657000e-01;1.680000e-02
 2359;1.658000e-01;1.360000e-02
 2360;1.659000e-01;1.600000e-02
 2361;1.660000e-01;1.600000e-02
 2362;1.661000e-01;1.600000e-02
 2363;1.662000e-01;1.520000e-02
 2364;1.663000e-01;1.600000e-02
 2365;1.664000e-01;1.440000e-02
 2366;1.665000e-01;1.440000e-02
 2367;1.666000e-01;1.440000e-02
 2368;1.667000e-01;1.360000e-02
 2369;1.668000e-01;1.520000e-02
 2370;1.669000e-01;1.520000e-02
 2371;1.670000e-01;1.440000e-02
 2372;1.671000e-01;1.600000e-02
 2373;1.672000e-01;1.280000e-02
 2374;1.673000e-01;1.520000e-02
 2375;1.674000e-01;1.520000e-02
 2376;1.675000e-01;1.440000e-02
 2377;1.676000e-01;1.440000e-02
 2378;1.677000e-01;1.360000e-02
 2379;1.678000e-01;1.440000e-02
 2380;1.679000e-01;1.520000e-02
 2381;1.680000e-01;1.680000e-02
 2382;1.681000e-01;1.520000e-02
 2383;1.682000e-01;1.520000e-02
 2384;1.683000e-01;1.440000e-02
 2385;1.684000e-01;1.520000e-02
 2386;1.685000e-01;1.600000e-02
 2387;1.686000e-01;1.520000e-02
 2388;1.687000e-01;1.520000e-02
 2389;1.688000e-01;1.440000e-02
 2390;1.689000e-01;1.440000e-02
 2391;1.690000e-01;1.520000e-02
 2392;1.691000e-01;1.440000e-02
 2393;1.692000e-01;1.440000e-02
 2394;1.693000e-01;1.360000e-02
 2395;1.694000e-01;1.440000e-02
 2396;1.695000e-01;1.440000e-02
 2397;1.696000e-01;1.600000e-02
 2398;1.697000e-01;1.600000e-02
 2399;1.698000e-01;1.520000e-02
 2400;1.699000e-01;1.520000e-02
 2401;1.700000e-01;1.440000e-02
 2402;1.701000e-01;1.520000e-02
 2403;1.702000e-01;1.520000e-02
 2404;1.703000e-01;1.600000e-02
 2405;1.704000e-01;1.360000e-02
 2406;1.705000e-01;1.600000e-02
 2407;1.706000e-01;1.680000e-02
 2408;1.707000e-01;1.600000e-02
 2409;1.708000e-01;1.600000e-02
 2410;1.709000e-01;1.520000e-02
 2411;1.710000e-01;1.600000e-02
 2412;1.711000e-01;1.440000e-02
 2413;1.712000e-01;1.520000e-02
 2414;1.713000e-01;1.600000e-02
 2415;1.714000e-01;1.600000e-02
 2416;1.715000e-01;1.600000e-02
 2417;1.716000e-01;1.680000e-02
 2418;1.717000e-01;1.600000e-02
 2419;1.718000e-01;1.520000e-02
 2420;1.719000e-01;1.600000e-02
 2421;1.720000e-01;1.600000e-02
 2422;1.721000e-01;1.520000e-02
 2423;1.722000e-01;1.520000e-02
 2424;1.723000e-01;1.600000e-02
 2425;1.724000e-01;1.440000e-02
 2426;1.725000e-01;1.520000e-02
 2427;1.726000e-01;1.520000e-02
 2428;1.727000e-01;1.520000e-02
 2429;1.728000e-01;1.520000e-02
 2430;1.729000e-01;1.680000e-02
 2431;1.730000e-01;1.520000e-02
 2432;1.731000e-01;1.600000e-02
 2433;1.732000e-01;1.520000e-02
 2434;1.733000e-01;1.520000e-02
 2435;1.734000e-01;1.600000e-02
 2436;1.735000e-01;1.600000e-02
 2437;1.736000e-01;1.600000e-02
 2438;1.737000e-01;1.520000e-02
 2439;1.738000e-01;1.520000e-02
 2440;1.739000e-01;1.600000e-02
 2441;1.740000e-01;1.520000e-02
 2442;1.741000e-01;1.600000e-02
 2443;1.742000e-01;1.520000e-02
 2444;1.743000e-01;1.520000e-02
 2445;1.744000e-01;1.600000e-02
 2446;1.745000e-01;1.520000e-02
 2447;1.746000e-01;1.520000e-02
 2448;1.747000e-01;1.520000e-02
 2449;1.748000e-01;1.520000e-02
 2450;1.749000e-01;1.680000e-02
 2451;1.750000e-01;1.520000e-02
 2452;1.751000e-01;1.360000e-02
 2453;1.752000e-01;1.520000e-02
 2454;1.753000e-01;1.440000e-02
 2455;1.754000e-01;1.440000e-02
 2456;1.755000e-01;1.360000e-02
 2457;1.756000e-01;1.520000e-02
 2458;1.757000e-01;1.680000e-02
 2459;1.758000e-01;1.520000e-02
 2460;1.759000e-01;1.520000e-02
 2461;1.760000e-01;1.440000e-02
 2462;1.761000e-01;1.600000e-02
 2463;1.762000e-01;1.520000e-02
 2464;1.763000e-01;1.520000e-02
 2465;1.764000e-01;1.520000e-02
 2466;1.765000e-01;1.600000e-02
 2467;1.766000e-01;1.600000e-02
 2468;1.767000e-01;1.440000e-02
 2469;1.768000e-01;1.440000e-02
 2470;1.769000e-01;1.520000e-02
 2471;1.770000e-01;1.520000e-02
 2472;1.771000e-01;1.600000e-02
 2473;1.772000e-01;1.520000e-02
 2474;1.773000e-01;1.120000e-02
 2475;1.774000e-01;1.600000e-02
 2476;1.775000e-01;1.440000e-02
 2477;1.776000e-01;1.280000e-02
 2478;1.777000e-01;1.440000e-02
 2479;1.778000e-01;1.360000e-02
 2480;1.779000e-01;1.520000e-02
 2481;1.780000e-01;1.440000e-02
 2482;1.781000e-01;1.440000e-02
 2483;1.782000e-01;1.680000e-02
 2484;1.783000e-01;1.440000e-02
 2485;1.784000e-01;1.520000e-02
 2486;1.785000e-01;1.360000e-02
 2487;1.786000e-01;1.520000e-02
 2488;1.787000e-01;1.520000e-02
 2489;1.788000e-01;1.440000e-02
 2490;1.789000e-01;1.600000e-02
 2491;1.790000e-01;1.520000e-02
 2492;1.791000e-01;1.520000e-02
 2493;1.792000e-01;1.520000e-02
 2494;1.793000e-01;1.440000e-02
 2495;1.794000e-01;1.600000e-02
 2496;1.795000e-01;1.520000e-02
 2497;1.796000e-01;1.360000e-02
 2498;1.797000e-01;1.600000e-02
 2499;1.798000e-01;1.680000e-02
 2500;1.799000e-01;1.600000e-02
