Record:;0
YOffset:;-1.180000e+02
YMult:;4.000000e-04
YZero:;0.000000e+00
XIncr:;1.000000e-02
XZero:;-1.860000e+01
XUnit:;s
YUnit:;Volts
    1;-1.860000e+01;1.520000e-02
    2;-1.859000e+01;1.480000e-02
    3;-1.858000e+01;1.560000e-02
    4;-1.857000e+01;1.400000e-02
    5;-1.856000e+01;1.440000e-02
    6;-1.855000e+01;1.480000e-02
    7;-1.854000e+01;1.600000e-02
    8;-1.853000e+01;1.440000e-02
    9;-1.852000e+01;1.440000e-02
   10;-1.851000e+01;1.440000e-02
   11;-1.850000e+01;1.560000e-02
   12;-1.849000e+01;1.280000e-02
   13;-1.848000e+01;1.440000e-02
   14;-1.847000e+01;1.480000e-02
   15;-1.846000e+01;1.360000e-02
   16;-1.845000e+01;1.480000e-02
   17;-1.844000e+01;1.560000e-02
   18;-1.843000e+01;1.520000e-02
   19;-1.842000e+01;1.560000e-02
   20;-1.841000e+01;1.480000e-02
   21;-1.840000e+01;1.360000e-02
   22;-1.839000e+01;1.440000e-02
   23;-1.838000e+01;1.520000e-02
   24;-1.837000e+01;1.440000e-02
   25;-1.836000e+01;1.360000e-02
   26;-1.835000e+01;1.480000e-02
   27;-1.834000e+01;1.320000e-02
   28;-1.833000e+01;1.400000e-02
   29;-1.832000e+01;1.560000e-02
   30;-1.831000e+01;1.480000e-02
   31;-1.830000e+01;1.320000e-02
   32;-1.829000e+01;1.440000e-02
   33;-1.828000e+01;1.520000e-02
   34;-1.827000e+01;1.520000e-02
   35;-1.826000e+01;1.480000e-02
   36;-1.825000e+01;1.440000e-02
   37;-1.824000e+01;1.480000e-02
   38;-1.823000e+01;1.360000e-02
   39;-1.822000e+01;1.360000e-02
   40;-1.821000e+01;1.520000e-02
   41;-1.820000e+01;1.440000e-02
   42;-1.819000e+01;1.520000e-02
   43;-1.818000e+01;1.440000e-02
   44;-1.817000e+01;1.600000e-02
   45;-1.816000e+01;1.440000e-02
   46;-1.815000e+01;1.440000e-02
   47;-1.814000e+01;1.520000e-02
   48;-1.813000e+01;1.480000e-02
   49;-1.812000e+01;1.480000e-02
   50;-1.811000e+01;1.360000e-02
   51;-1.810000e+01;1.520000e-02
   52;-1.809000e+01;1.640000e-02
   53;-1.808000e+01;1.360000e-02
   54;-1.807000e+01;1.520000e-02
   55;-1.806000e+01;1.520000e-02
   56;-1.805000e+01;1.280000e-02
   57;-1.804000e+01;1.320000e-02
   58;-1.803000e+01;1.480000e-02
   59;-1.802000e+01;1.480000e-02
   60;-1.801000e+01;1.400000e-02
   61;-1.800000e+01;1.440000e-02
   62;-1.799000e+01;1.360000e-02
   63;-1.798000e+01;1.520000e-02
   64;-1.797000e+01;1.520000e-02
   65;-1.796000e+01;1.480000e-02
   66;-1.795000e+01;1.440000e-02
   67;-1.794000e+01;1.400000e-02
   68;-1.793000e+01;1.440000e-02
   69;-1.792000e+01;1.360000e-02
   70;-1.791000e+01;1.520000e-02
   71;-1.790000e+01;1.440000e-02
   72;-1.789000e+01;1.400000e-02
   73;-1.788000e+01;1.400000e-02
   74;-1.787000e+01;1.560000e-02
   75;-1.786000e+01;1.440000e-02
   76;-1.785000e+01;1.400000e-02
   77;-1.784000e+01;1.440000e-02
   78;-1.783000e+01;1.360000e-02
   79;-1.782000e+01;1.440000e-02
   80;-1.781000e+01;1.480000e-02
   81;-1.780000e+01;1.600000e-02
   82;-1.779000e+01;1.440000e-02
   83;-1.778000e+01;1.520000e-02
   84;-1.777000e+01;1.560000e-02
   85;-1.776000e+01;1.440000e-02
   86;-1.775000e+01;1.400000e-02
   87;-1.774000e+01;1.480000e-02
   88;-1.773000e+01;1.480000e-02
   89;-1.772000e+01;1.480000e-02
   90;-1.771000e+01;1.480000e-02
   91;-1.770000e+01;1.440000e-02
   92;-1.769000e+01;1.520000e-02
   93;-1.768000e+01;1.520000e-02
   94;-1.767000e+01;1.440000e-02
   95;-1.766000e+01;1.560000e-02
   96;-1.765000e+01;1.400000e-02
   97;-1.764000e+01;1.560000e-02
   98;-1.763000e+01;1.640000e-02
   99;-1.762000e+01;1.480000e-02
  100;-1.761000e+01;1.400000e-02
  101;-1.760000e+01;1.440000e-02
  102;-1.759000e+01;1.440000e-02
  103;-1.758000e+01;1.560000e-02
  104;-1.757000e+01;1.600000e-02
  105;-1.756000e+01;1.520000e-02
  106;-1.755000e+01;1.560000e-02
  107;-1.754000e+01;1.600000e-02
  108;-1.753000e+01;1.360000e-02
  109;-1.752000e+01;1.440000e-02
  110;-1.751000e+01;1.560000e-02
  111;-1.750000e+01;1.440000e-02
  112;-1.749000e+01;1.360000e-02
  113;-1.748000e+01;1.440000e-02
  114;-1.747000e+01;1.480000e-02
  115;-1.746000e+01;1.480000e-02
  116;-1.745000e+01;1.440000e-02
  117;-1.744000e+01;1.520000e-02
  118;-1.743000e+01;1.480000e-02
  119;-1.742000e+01;1.520000e-02
  120;-1.741000e+01;1.560000e-02
  121;-1.740000e+01;1.560000e-02
  122;-1.739000e+01;1.600000e-02
  123;-1.738000e+01;1.520000e-02
  124;-1.737000e+01;1.680000e-02
  125;-1.736000e+01;1.560000e-02
  126;-1.735000e+01;1.640000e-02
  127;-1.734000e+01;1.600000e-02
  128;-1.733000e+01;1.440000e-02
  129;-1.732000e+01;1.440000e-02
  130;-1.731000e+01;1.400000e-02
  131;-1.730000e+01;1.720000e-02
  132;-1.729000e+01;1.480000e-02
  133;-1.728000e+01;1.960000e-02
  134;-1.727000e+01;1.520000e-02
  135;-1.726000e+01;1.480000e-02
  136;-1.725000e+01;1.480000e-02
  137;-1.724000e+01;1.520000e-02
  138;-1.723000e+01;1.440000e-02
  139;-1.722000e+01;1.440000e-02
  140;-1.721000e+01;1.400000e-02
  141;-1.720000e+01;1.640000e-02
  142;-1.719000e+01;1.480000e-02
  143;-1.718000e+01;1.400000e-02
  144;-1.717000e+01;1.440000e-02
  145;-1.716000e+01;1.600000e-02
  146;-1.715000e+01;1.520000e-02
  147;-1.714000e+01;1.240000e-02
  148;-1.713000e+01;1.440000e-02
  149;-1.712000e+01;1.480000e-02
  150;-1.711000e+01;1.440000e-02
  151;-1.710000e+01;1.560000e-02
  152;-1.709000e+01;1.440000e-02
  153;-1.708000e+01;1.560000e-02
  154;-1.707000e+01;1.560000e-02
  155;-1.706000e+01;1.440000e-02
  156;-1.705000e+01;1.480000e-02
  157;-1.704000e+01;1.520000e-02
  158;-1.703000e+01;1.360000e-02
  159;-1.702000e+01;1.520000e-02
  160;-1.701000e+01;1.600000e-02
  161;-1.700000e+01;1.520000e-02
  162;-1.699000e+01;1.600000e-02
  163;-1.698000e+01;1.400000e-02
  164;-1.697000e+01;1.360000e-02
  165;-1.696000e+01;1.480000e-02
  166;-1.695000e+01;1.400000e-02
  167;-1.694000e+01;1.480000e-02
  168;-1.693000e+01;1.400000e-02
  169;-1.692000e+01;1.440000e-02
  170;-1.691000e+01;1.360000e-02
  171;-1.690000e+01;1.440000e-02
  172;-1.689000e+01;1.480000e-02
  173;-1.688000e+01;1.560000e-02
  174;-1.687000e+01;1.520000e-02
  175;-1.686000e+01;1.400000e-02
  176;-1.685000e+01;1.400000e-02
  177;-1.684000e+01;1.520000e-02
  178;-1.683000e+01;1.440000e-02
  179;-1.682000e+01;1.440000e-02
  180;-1.681000e+01;1.520000e-02
  181;-1.680000e+01;1.440000e-02
  182;-1.679000e+01;1.480000e-02
  183;-1.678000e+01;1.520000e-02
  184;-1.677000e+01;1.560000e-02
  185;-1.676000e+01;1.560000e-02
  186;-1.675000e+01;1.520000e-02
  187;-1.674000e+01;1.480000e-02
  188;-1.673000e+01;1.480000e-02
  189;-1.672000e+01;1.600000e-02
  190;-1.671000e+01;1.680000e-02
  191;-1.670000e+01;1.440000e-02
  192;-1.669000e+01;1.520000e-02
  193;-1.668000e+01;1.480000e-02
  194;-1.667000e+01;1.480000e-02
  195;-1.666000e+01;1.480000e-02
  196;-1.665000e+01;1.440000e-02
  197;-1.664000e+01;1.520000e-02
  198;-1.663000e+01;1.480000e-02
  199;-1.662000e+01;1.560000e-02
  200;-1.661000e+01;1.400000e-02
  201;-1.660000e+01;1.400000e-02
  202;-1.659000e+01;1.520000e-02
  203;-1.658000e+01;1.440000e-02
  204;-1.657000e+01;1.600000e-02
  205;-1.656000e+01;1.640000e-02
  206;-1.655000e+01;1.560000e-02
  207;-1.654000e+01;1.480000e-02
  208;-1.653000e+01;1.440000e-02
  209;-1.652000e+01;1.600000e-02
  210;-1.651000e+01;1.520000e-02
  211;-1.650000e+01;1.160000e-02
  212;-1.649000e+01;1.560000e-02
  213;-1.648000e+01;1.480000e-02
  214;-1.647000e+01;1.600000e-02
  215;-1.646000e+01;1.600000e-02
  216;-1.645000e+01;1.520000e-02
  217;-1.644000e+01;1.520000e-02
  218;-1.643000e+01;1.400000e-02
  219;-1.642000e+01;1.720000e-02
  220;-1.641000e+01;1.680000e-02
  221;-1.640000e+01;1.520000e-02
  222;-1.639000e+01;1.560000e-02
  223;-1.638000e+01;1.520000e-02
  224;-1.637000e+01;1.480000e-02
  225;-1.636000e+01;1.520000e-02
  226;-1.635000e+01;1.400000e-02
  227;-1.634000e+01;1.480000e-02
  228;-1.633000e+01;1.520000e-02
  229;-1.632000e+01;1.480000e-02
  230;-1.631000e+01;1.320000e-02
  231;-1.630000e+01;1.520000e-02
  232;-1.629000e+01;1.520000e-02
  233;-1.628000e+01;1.560000e-02
  234;-1.627000e+01;1.480000e-02
  235;-1.626000e+01;1.640000e-02
  236;-1.625000e+01;1.480000e-02
  237;-1.624000e+01;1.480000e-02
  238;-1.623000e+01;1.480000e-02
  239;-1.622000e+01;1.400000e-02
  240;-1.621000e+01;1.360000e-02
  241;-1.620000e+01;1.600000e-02
  242;-1.619000e+01;1.400000e-02
  243;-1.618000e+01;1.440000e-02
  244;-1.617000e+01;1.520000e-02
  245;-1.616000e+01;1.440000e-02
  246;-1.615000e+01;1.480000e-02
  247;-1.614000e+01;1.520000e-02
  248;-1.613000e+01;1.480000e-02
  249;-1.612000e+01;1.520000e-02
  250;-1.611000e+01;1.560000e-02
  251;-1.610000e+01;1.360000e-02
  252;-1.609000e+01;1.560000e-02
  253;-1.608000e+01;1.520000e-02
  254;-1.607000e+01;1.520000e-02
  255;-1.606000e+01;1.480000e-02
  256;-1.605000e+01;1.600000e-02
  257;-1.604000e+01;1.600000e-02
  258;-1.603000e+01;1.480000e-02
  259;-1.602000e+01;1.480000e-02
  260;-1.601000e+01;1.480000e-02
  261;-1.600000e+01;1.480000e-02
  262;-1.599000e+01;1.520000e-02
  263;-1.598000e+01;1.480000e-02
  264;-1.597000e+01;1.560000e-02
  265;-1.596000e+01;1.440000e-02
  266;-1.595000e+01;1.480000e-02
  267;-1.594000e+01;1.320000e-02
  268;-1.593000e+01;1.480000e-02
  269;-1.592000e+01;1.400000e-02
  270;-1.591000e+01;1.520000e-02
  271;-1.590000e+01;1.400000e-02
  272;-1.589000e+01;1.480000e-02
  273;-1.588000e+01;1.440000e-02
  274;-1.587000e+01;1.360000e-02
  275;-1.586000e+01;1.440000e-02
  276;-1.585000e+01;1.240000e-02
  277;-1.584000e+01;1.440000e-02
  278;-1.583000e+01;1.480000e-02
  279;-1.582000e+01;1.360000e-02
  280;-1.581000e+01;1.480000e-02
  281;-1.580000e+01;1.400000e-02
  282;-1.579000e+01;1.520000e-02
  283;-1.578000e+01;1.400000e-02
  284;-1.577000e+01;1.560000e-02
  285;-1.576000e+01;1.560000e-02
  286;-1.575000e+01;1.520000e-02
  287;-1.574000e+01;1.600000e-02
  288;-1.573000e+01;1.520000e-02
  289;-1.572000e+01;1.680000e-02
  290;-1.571000e+01;1.520000e-02
  291;-1.570000e+01;1.520000e-02
  292;-1.569000e+01;1.400000e-02
  293;-1.568000e+01;1.600000e-02
  294;-1.567000e+01;1.400000e-02
  295;-1.566000e+01;1.480000e-02
  296;-1.565000e+01;1.600000e-02
  297;-1.564000e+01;1.560000e-02
  298;-1.563000e+01;1.440000e-02
  299;-1.562000e+01;1.360000e-02
  300;-1.561000e+01;1.520000e-02
  301;-1.560000e+01;1.520000e-02
  302;-1.559000e+01;1.640000e-02
  303;-1.558000e+01;1.600000e-02
  304;-1.557000e+01;1.480000e-02
  305;-1.556000e+01;1.440000e-02
  306;-1.555000e+01;1.800000e-02
  307;-1.554000e+01;1.480000e-02
  308;-1.553000e+01;1.480000e-02
  309;-1.552000e+01;1.440000e-02
  310;-1.551000e+01;1.480000e-02
  311;-1.550000e+01;1.520000e-02
  312;-1.549000e+01;1.480000e-02
  313;-1.548000e+01;1.440000e-02
  314;-1.547000e+01;1.400000e-02
  315;-1.546000e+01;1.400000e-02
  316;-1.545000e+01;1.480000e-02
  317;-1.544000e+01;1.400000e-02
  318;-1.543000e+01;1.520000e-02
  319;-1.542000e+01;1.440000e-02
  320;-1.541000e+01;1.560000e-02
  321;-1.540000e+01;1.400000e-02
  322;-1.539000e+01;1.720000e-02
  323;-1.538000e+01;1.440000e-02
  324;-1.537000e+01;1.320000e-02
  325;-1.536000e+01;1.600000e-02
  326;-1.535000e+01;1.360000e-02
  327;-1.534000e+01;1.440000e-02
  328;-1.533000e+01;1.400000e-02
  329;-1.532000e+01;1.480000e-02
  330;-1.531000e+01;1.600000e-02
  331;-1.530000e+01;1.440000e-02
  332;-1.529000e+01;1.360000e-02
  333;-1.528000e+01;1.520000e-02
  334;-1.527000e+01;1.600000e-02
  335;-1.526000e+01;1.320000e-02
  336;-1.525000e+01;1.440000e-02
  337;-1.524000e+01;1.480000e-02
  338;-1.523000e+01;1.440000e-02
  339;-1.522000e+01;1.520000e-02
  340;-1.521000e+01;1.480000e-02
  341;-1.520000e+01;1.400000e-02
  342;-1.519000e+01;1.480000e-02
  343;-1.518000e+01;1.520000e-02
  344;-1.517000e+01;1.480000e-02
  345;-1.516000e+01;1.480000e-02
  346;-1.515000e+01;1.480000e-02
  347;-1.514000e+01;1.520000e-02
  348;-1.513000e+01;1.480000e-02
  349;-1.512000e+01;1.600000e-02
  350;-1.511000e+01;1.360000e-02
  351;-1.510000e+01;1.480000e-02
  352;-1.509000e+01;1.440000e-02
  353;-1.508000e+01;1.480000e-02
  354;-1.507000e+01;1.400000e-02
  355;-1.506000e+01;1.560000e-02
  356;-1.505000e+01;1.480000e-02
  357;-1.504000e+01;1.520000e-02
  358;-1.503000e+01;1.520000e-02
  359;-1.502000e+01;1.320000e-02
  360;-1.501000e+01;1.480000e-02
  361;-1.500000e+01;1.480000e-02
  362;-1.499000e+01;1.560000e-02
  363;-1.498000e+01;1.360000e-02
  364;-1.497000e+01;1.560000e-02
  365;-1.496000e+01;1.440000e-02
  366;-1.495000e+01;1.400000e-02
  367;-1.494000e+01;1.480000e-02
  368;-1.493000e+01;1.520000e-02
  369;-1.492000e+01;1.560000e-02
  370;-1.491000e+01;1.440000e-02
  371;-1.490000e+01;1.360000e-02
  372;-1.489000e+01;1.520000e-02
  373;-1.488000e+01;1.480000e-02
  374;-1.487000e+01;1.480000e-02
  375;-1.486000e+01;1.400000e-02
  376;-1.485000e+01;1.480000e-02
  377;-1.484000e+01;1.440000e-02
  378;-1.483000e+01;1.400000e-02
  379;-1.482000e+01;1.520000e-02
  380;-1.481000e+01;1.560000e-02
  381;-1.480000e+01;1.560000e-02
  382;-1.479000e+01;1.400000e-02
  383;-1.478000e+01;1.400000e-02
  384;-1.477000e+01;1.480000e-02
  385;-1.476000e+01;1.480000e-02
  386;-1.475000e+01;1.520000e-02
  387;-1.474000e+01;1.440000e-02
  388;-1.473000e+01;1.360000e-02
  389;-1.472000e+01;1.640000e-02
  390;-1.471000e+01;1.400000e-02
  391;-1.470000e+01;1.480000e-02
  392;-1.469000e+01;1.560000e-02
  393;-1.468000e+01;1.520000e-02
  394;-1.467000e+01;1.560000e-02
  395;-1.466000e+01;1.520000e-02
  396;-1.465000e+01;1.640000e-02
  397;-1.464000e+01;1.800000e-02
  398;-1.463000e+01;1.360000e-02
  399;-1.462000e+01;1.480000e-02
  400;-1.461000e+01;1.480000e-02
  401;-1.460000e+01;1.560000e-02
  402;-1.459000e+01;1.520000e-02
  403;-1.458000e+01;1.400000e-02
  404;-1.457000e+01;1.400000e-02
  405;-1.456000e+01;1.600000e-02
  406;-1.455000e+01;1.440000e-02
  407;-1.454000e+01;1.440000e-02
  408;-1.453000e+01;1.400000e-02
  409;-1.452000e+01;1.560000e-02
  410;-1.451000e+01;1.440000e-02
  411;-1.450000e+01;1.520000e-02
  412;-1.449000e+01;1.560000e-02
  413;-1.448000e+01;1.440000e-02
  414;-1.447000e+01;1.440000e-02
  415;-1.446000e+01;1.560000e-02
  416;-1.445000e+01;1.480000e-02
  417;-1.444000e+01;1.560000e-02
  418;-1.443000e+01;1.520000e-02
  419;-1.442000e+01;1.520000e-02
  420;-1.441000e+01;1.920000e-02
  421;-1.440000e+01;1.760000e-02
  422;-1.439000e+01;1.480000e-02
  423;-1.438000e+01;1.440000e-02
  424;-1.437000e+01;1.560000e-02
  425;-1.436000e+01;1.320000e-02
  426;-1.435000e+01;1.480000e-02
  427;-1.434000e+01;1.320000e-02
  428;-1.433000e+01;1.520000e-02
  429;-1.432000e+01;1.480000e-02
  430;-1.431000e+01;1.480000e-02
  431;-1.430000e+01;1.560000e-02
  432;-1.429000e+01;1.560000e-02
  433;-1.428000e+01;1.600000e-02
  434;-1.427000e+01;1.520000e-02
  435;-1.426000e+01;1.520000e-02
  436;-1.425000e+01;1.600000e-02
  437;-1.424000e+01;1.520000e-02
  438;-1.423000e+01;1.400000e-02
  439;-1.422000e+01;1.600000e-02
  440;-1.421000e+01;1.680000e-02
  441;-1.420000e+01;1.440000e-02
  442;-1.419000e+01;1.440000e-02
  443;-1.418000e+01;1.560000e-02
  444;-1.417000e+01;1.560000e-02
  445;-1.416000e+01;1.520000e-02
  446;-1.415000e+01;1.440000e-02
  447;-1.414000e+01;1.600000e-02
  448;-1.413000e+01;1.680000e-02
  449;-1.412000e+01;1.720000e-02
  450;-1.411000e+01;1.520000e-02
  451;-1.410000e+01;1.400000e-02
  452;-1.409000e+01;1.560000e-02
  453;-1.408000e+01;1.480000e-02
  454;-1.407000e+01;1.560000e-02
  455;-1.406000e+01;1.560000e-02
  456;-1.405000e+01;1.400000e-02
  457;-1.404000e+01;1.560000e-02
  458;-1.403000e+01;1.440000e-02
  459;-1.402000e+01;1.520000e-02
  460;-1.401000e+01;1.640000e-02
  461;-1.400000e+01;1.560000e-02
  462;-1.399000e+01;1.560000e-02
  463;-1.398000e+01;1.480000e-02
  464;-1.397000e+01;1.440000e-02
  465;-1.396000e+01;1.440000e-02
  466;-1.395000e+01;1.520000e-02
  467;-1.394000e+01;1.520000e-02
  468;-1.393000e+01;1.480000e-02
  469;-1.392000e+01;1.600000e-02
  470;-1.391000e+01;1.520000e-02
  471;-1.390000e+01;1.440000e-02
  472;-1.389000e+01;1.560000e-02
  473;-1.388000e+01;1.680000e-02
  474;-1.387000e+01;1.520000e-02
  475;-1.386000e+01;1.480000e-02
  476;-1.385000e+01;1.720000e-02
  477;-1.384000e+01;1.600000e-02
  478;-1.383000e+01;1.400000e-02
  479;-1.382000e+01;1.520000e-02
  480;-1.381000e+01;1.560000e-02
  481;-1.380000e+01;1.720000e-02
  482;-1.379000e+01;1.440000e-02
  483;-1.378000e+01;1.720000e-02
  484;-1.377000e+01;1.560000e-02
  485;-1.376000e+01;1.520000e-02
  486;-1.375000e+01;1.560000e-02
  487;-1.374000e+01;1.520000e-02
  488;-1.373000e+01;1.520000e-02
  489;-1.372000e+01;1.560000e-02
  490;-1.371000e+01;1.760000e-02
  491;-1.370000e+01;1.440000e-02
  492;-1.369000e+01;1.560000e-02
  493;-1.368000e+01;1.480000e-02
  494;-1.367000e+01;1.480000e-02
  495;-1.366000e+01;1.600000e-02
  496;-1.365000e+01;1.520000e-02
  497;-1.364000e+01;1.480000e-02
  498;-1.363000e+01;1.640000e-02
  499;-1.362000e+01;1.640000e-02
  500;-1.361000e+01;1.600000e-02
  501;-1.360000e+01;1.520000e-02
  502;-1.359000e+01;1.720000e-02
  503;-1.358000e+01;1.640000e-02
  504;-1.357000e+01;1.520000e-02
  505;-1.356000e+01;1.520000e-02
  506;-1.355000e+01;1.600000e-02
  507;-1.354000e+01;1.560000e-02
  508;-1.353000e+01;1.480000e-02
  509;-1.352000e+01;1.720000e-02
  510;-1.351000e+01;1.560000e-02
  511;-1.350000e+01;1.520000e-02
  512;-1.349000e+01;1.680000e-02
  513;-1.348000e+01;1.560000e-02
  514;-1.347000e+01;1.680000e-02
  515;-1.346000e+01;1.560000e-02
  516;-1.345000e+01;1.640000e-02
  517;-1.344000e+01;1.560000e-02
  518;-1.343000e+01;1.480000e-02
  519;-1.342000e+01;1.520000e-02
  520;-1.341000e+01;1.600000e-02
  521;-1.340000e+01;1.640000e-02
  522;-1.339000e+01;1.680000e-02
  523;-1.338000e+01;1.640000e-02
  524;-1.337000e+01;1.720000e-02
  525;-1.336000e+01;1.520000e-02
  526;-1.335000e+01;1.560000e-02
  527;-1.334000e+01;1.680000e-02
  528;-1.333000e+01;1.600000e-02
  529;-1.332000e+01;1.560000e-02
  530;-1.331000e+01;1.560000e-02
  531;-1.330000e+01;1.520000e-02
  532;-1.329000e+01;1.640000e-02
  533;-1.328000e+01;1.560000e-02
  534;-1.327000e+01;1.560000e-02
  535;-1.326000e+01;1.640000e-02
  536;-1.325000e+01;1.640000e-02
  537;-1.324000e+01;1.560000e-02
  538;-1.323000e+01;1.560000e-02
  539;-1.322000e+01;1.760000e-02
  540;-1.321000e+01;1.600000e-02
  541;-1.320000e+01;1.720000e-02
  542;-1.319000e+01;1.680000e-02
  543;-1.318000e+01;1.640000e-02
  544;-1.317000e+01;1.480000e-02
  545;-1.316000e+01;1.600000e-02
  546;-1.315000e+01;1.600000e-02
  547;-1.314000e+01;1.720000e-02
  548;-1.313000e+01;1.480000e-02
  549;-1.312000e+01;1.560000e-02
  550;-1.311000e+01;1.600000e-02
  551;-1.310000e+01;1.560000e-02
  552;-1.309000e+01;1.560000e-02
  553;-1.308000e+01;1.600000e-02
  554;-1.307000e+01;1.600000e-02
  555;-1.306000e+01;1.600000e-02
  556;-1.305000e+01;1.720000e-02
  557;-1.304000e+01;1.560000e-02
  558;-1.303000e+01;1.600000e-02
  559;-1.302000e+01;1.640000e-02
  560;-1.301000e+01;1.720000e-02
  561;-1.300000e+01;1.720000e-02
  562;-1.299000e+01;1.840000e-02
  563;-1.298000e+01;1.720000e-02
  564;-1.297000e+01;1.600000e-02
  565;-1.296000e+01;1.560000e-02
  566;-1.295000e+01;1.640000e-02
  567;-1.294000e+01;1.640000e-02
  568;-1.293000e+01;1.720000e-02
  569;-1.292000e+01;1.640000e-02
  570;-1.291000e+01;1.760000e-02
  571;-1.290000e+01;1.720000e-02
  572;-1.289000e+01;1.600000e-02
  573;-1.288000e+01;1.640000e-02
  574;-1.287000e+01;1.600000e-02
  575;-1.286000e+01;1.720000e-02
  576;-1.285000e+01;1.640000e-02
  577;-1.284000e+01;1.680000e-02
  578;-1.283000e+01;1.760000e-02
  579;-1.282000e+01;1.760000e-02
  580;-1.281000e+01;1.720000e-02
  581;-1.280000e+01;1.640000e-02
  582;-1.279000e+01;1.800000e-02
  583;-1.278000e+01;1.720000e-02
  584;-1.277000e+01;1.720000e-02
  585;-1.276000e+01;1.400000e-02
  586;-1.275000e+01;1.760000e-02
  587;-1.274000e+01;1.920000e-02
  588;-1.273000e+01;1.680000e-02
  589;-1.272000e+01;1.720000e-02
  590;-1.271000e+01;1.880000e-02
  591;-1.270000e+01;1.840000e-02
  592;-1.269000e+01;1.840000e-02
  593;-1.268000e+01;1.760000e-02
  594;-1.267000e+01;1.880000e-02
  595;-1.266000e+01;1.720000e-02
  596;-1.265000e+01;1.880000e-02
  597;-1.264000e+01;1.880000e-02
  598;-1.263000e+01;1.760000e-02
  599;-1.262000e+01;1.840000e-02
  600;-1.261000e+01;1.880000e-02
  601;-1.260000e+01;1.760000e-02
  602;-1.259000e+01;1.880000e-02
  603;-1.258000e+01;2.040000e-02
  604;-1.257000e+01;1.880000e-02
  605;-1.256000e+01;1.800000e-02
  606;-1.255000e+01;1.960000e-02
  607;-1.254000e+01;1.960000e-02
  608;-1.253000e+01;1.840000e-02
  609;-1.252000e+01;1.600000e-02
  610;-1.251000e+01;1.920000e-02
  611;-1.250000e+01;1.800000e-02
  612;-1.249000e+01;2.040000e-02
  613;-1.248000e+01;1.920000e-02
  614;-1.247000e+01;1.920000e-02
  615;-1.246000e+01;2.000000e-02
  616;-1.245000e+01;1.960000e-02
  617;-1.244000e+01;1.960000e-02
  618;-1.243000e+01;1.960000e-02
  619;-1.242000e+01;2.120000e-02
  620;-1.241000e+01;2.040000e-02
  621;-1.240000e+01;1.720000e-02
  622;-1.239000e+01;2.080000e-02
  623;-1.238000e+01;2.280000e-02
  624;-1.237000e+01;1.920000e-02
  625;-1.236000e+01;2.040000e-02
  626;-1.235000e+01;1.960000e-02
  627;-1.234000e+01;2.120000e-02
  628;-1.233000e+01;1.960000e-02
  629;-1.232000e+01;2.040000e-02
  630;-1.231000e+01;2.200000e-02
  631;-1.230000e+01;2.000000e-02
  632;-1.229000e+01;2.080000e-02
  633;-1.228000e+01;2.720000e-02
  634;-1.227000e+01;2.200000e-02
  635;-1.226000e+01;2.160000e-02
  636;-1.225000e+01;2.120000e-02
  637;-1.224000e+01;2.160000e-02
  638;-1.223000e+01;2.120000e-02
  639;-1.222000e+01;2.120000e-02
  640;-1.221000e+01;2.200000e-02
  641;-1.220000e+01;2.200000e-02
  642;-1.219000e+01;2.200000e-02
  643;-1.218000e+01;2.080000e-02
  644;-1.217000e+01;2.200000e-02
  645;-1.216000e+01;2.200000e-02
  646;-1.215000e+01;1.960000e-02
  647;-1.214000e+01;2.240000e-02
  648;-1.213000e+01;2.280000e-02
  649;-1.212000e+01;2.200000e-02
  650;-1.211000e+01;2.120000e-02
  651;-1.210000e+01;2.320000e-02
  652;-1.209000e+01;2.240000e-02
  653;-1.208000e+01;2.240000e-02
  654;-1.207000e+01;2.200000e-02
  655;-1.206000e+01;2.240000e-02
  656;-1.205000e+01;2.320000e-02
  657;-1.204000e+01;2.320000e-02
  658;-1.203000e+01;2.400000e-02
  659;-1.202000e+01;2.400000e-02
  660;-1.201000e+01;2.360000e-02
  661;-1.200000e+01;2.480000e-02
  662;-1.199000e+01;2.440000e-02
  663;-1.198000e+01;2.240000e-02
  664;-1.197000e+01;2.400000e-02
  665;-1.196000e+01;2.400000e-02
  666;-1.195000e+01;2.400000e-02
  667;-1.194000e+01;2.520000e-02
  668;-1.193000e+01;2.520000e-02
  669;-1.192000e+01;2.480000e-02
  670;-1.191000e+01;2.480000e-02
  671;-1.190000e+01;2.680000e-02
  672;-1.189000e+01;2.560000e-02
  673;-1.188000e+01;2.440000e-02
  674;-1.187000e+01;2.560000e-02
  675;-1.186000e+01;2.440000e-02
  676;-1.185000e+01;2.640000e-02
  677;-1.184000e+01;2.480000e-02
  678;-1.183000e+01;2.640000e-02
  679;-1.182000e+01;2.720000e-02
  680;-1.181000e+01;2.720000e-02
  681;-1.180000e+01;2.640000e-02
  682;-1.179000e+01;2.760000e-02
  683;-1.178000e+01;2.640000e-02
  684;-1.177000e+01;2.680000e-02
  685;-1.176000e+01;2.640000e-02
  686;-1.175000e+01;2.680000e-02
  687;-1.174000e+01;2.680000e-02
  688;-1.173000e+01;2.760000e-02
  689;-1.172000e+01;2.800000e-02
  690;-1.171000e+01;2.800000e-02
  691;-1.170000e+01;2.800000e-02
  692;-1.169000e+01;2.720000e-02
  693;-1.168000e+01;2.680000e-02
  694;-1.167000e+01;2.880000e-02
  695;-1.166000e+01;2.840000e-02
  696;-1.165000e+01;2.880000e-02
  697;-1.164000e+01;2.880000e-02
  698;-1.163000e+01;2.920000e-02
  699;-1.162000e+01;2.960000e-02
  700;-1.161000e+01;2.880000e-02
  701;-1.160000e+01;2.920000e-02
  702;-1.159000e+01;3.000000e-02
  703;-1.158000e+01;3.040000e-02
  704;-1.157000e+01;3.000000e-02
  705;-1.156000e+01;3.080000e-02
  706;-1.155000e+01;3.000000e-02
  707;-1.154000e+01;3.120000e-02
  708;-1.153000e+01;3.080000e-02
  709;-1.152000e+01;3.080000e-02
  710;-1.151000e+01;3.080000e-02
  711;-1.150000e+01;3.120000e-02
  712;-1.149000e+01;3.200000e-02
  713;-1.148000e+01;3.120000e-02
  714;-1.147000e+01;3.160000e-02
  715;-1.146000e+01;3.080000e-02
  716;-1.145000e+01;3.160000e-02
  717;-1.144000e+01;3.200000e-02
  718;-1.143000e+01;3.320000e-02
  719;-1.142000e+01;3.280000e-02
  720;-1.141000e+01;3.240000e-02
  721;-1.140000e+01;3.320000e-02
  722;-1.139000e+01;3.280000e-02
  723;-1.138000e+01;3.320000e-02
  724;-1.137000e+01;3.320000e-02
  725;-1.136000e+01;3.400000e-02
  726;-1.135000e+01;3.280000e-02
  727;-1.134000e+01;3.440000e-02
  728;-1.133000e+01;3.440000e-02
  729;-1.132000e+01;3.200000e-02
  730;-1.131000e+01;3.520000e-02
  731;-1.130000e+01;3.400000e-02
  732;-1.129000e+01;3.480000e-02
  733;-1.128000e+01;3.680000e-02
  734;-1.127000e+01;3.600000e-02
  735;-1.126000e+01;3.400000e-02
  736;-1.125000e+01;3.480000e-02
  737;-1.124000e+01;3.680000e-02
  738;-1.123000e+01;3.560000e-02
  739;-1.122000e+01;3.720000e-02
  740;-1.121000e+01;3.680000e-02
  741;-1.120000e+01;3.800000e-02
  742;-1.119000e+01;3.680000e-02
  743;-1.118000e+01;3.720000e-02
  744;-1.117000e+01;3.720000e-02
  745;-1.116000e+01;3.800000e-02
  746;-1.115000e+01;3.800000e-02
  747;-1.114000e+01;3.760000e-02
  748;-1.113000e+01;3.720000e-02
  749;-1.112000e+01;3.920000e-02
  750;-1.111000e+01;4.000000e-02
  751;-1.110000e+01;3.960000e-02
  752;-1.109000e+01;3.960000e-02
  753;-1.108000e+01;4.040000e-02
  754;-1.107000e+01;4.080000e-02
  755;-1.106000e+01;4.040000e-02
  756;-1.105000e+01;3.960000e-02
  757;-1.104000e+01;4.240000e-02
  758;-1.103000e+01;4.120000e-02
  759;-1.102000e+01;4.080000e-02
  760;-1.101000e+01;4.200000e-02
  761;-1.100000e+01;4.280000e-02
  762;-1.099000e+01;4.200000e-02
  763;-1.098000e+01;4.320000e-02
  764;-1.097000e+01;4.240000e-02
  765;-1.096000e+01;4.320000e-02
  766;-1.095000e+01;4.280000e-02
  767;-1.094000e+01;4.320000e-02
  768;-1.093000e+01;4.320000e-02
  769;-1.092000e+01;4.400000e-02
  770;-1.091000e+01;4.360000e-02
  771;-1.090000e+01;4.480000e-02
  772;-1.089000e+01;4.520000e-02
  773;-1.088000e+01;4.480000e-02
  774;-1.087000e+01;4.480000e-02
  775;-1.086000e+01;4.560000e-02
  776;-1.085000e+01;4.480000e-02
  777;-1.084000e+01;4.600000e-02
  778;-1.083000e+01;4.560000e-02
  779;-1.082000e+01;4.600000e-02
  780;-1.081000e+01;4.720000e-02
  781;-1.080000e+01;4.560000e-02
  782;-1.079000e+01;4.680000e-02
  783;-1.078000e+01;4.720000e-02
  784;-1.077000e+01;4.760000e-02
  785;-1.076000e+01;4.880000e-02
  786;-1.075000e+01;4.680000e-02
  787;-1.074000e+01;4.800000e-02
  788;-1.073000e+01;4.760000e-02
  789;-1.072000e+01;4.720000e-02
  790;-1.071000e+01;4.840000e-02
  791;-1.070000e+01;4.840000e-02
  792;-1.069000e+01;4.920000e-02
  793;-1.068000e+01;4.920000e-02
  794;-1.067000e+01;4.760000e-02
  795;-1.066000e+01;4.880000e-02
  796;-1.065000e+01;4.920000e-02
  797;-1.064000e+01;4.920000e-02
  798;-1.063000e+01;4.960000e-02
  799;-1.062000e+01;5.120000e-02
  800;-1.061000e+01;5.040000e-02
  801;-1.060000e+01;5.160000e-02
  802;-1.059000e+01;5.160000e-02
  803;-1.058000e+01;5.240000e-02
  804;-1.057000e+01;5.080000e-02
  805;-1.056000e+01;5.280000e-02
  806;-1.055000e+01;5.360000e-02
  807;-1.054000e+01;5.320000e-02
  808;-1.053000e+01;5.240000e-02
  809;-1.052000e+01;5.280000e-02
  810;-1.051000e+01;5.360000e-02
  811;-1.050000e+01;5.520000e-02
  812;-1.049000e+01;5.360000e-02
  813;-1.048000e+01;5.520000e-02
  814;-1.047000e+01;5.520000e-02
  815;-1.046000e+01;5.480000e-02
  816;-1.045000e+01;5.440000e-02
  817;-1.044000e+01;5.480000e-02
  818;-1.043000e+01;5.480000e-02
  819;-1.042000e+01;5.720000e-02
  820;-1.041000e+01;5.600000e-02
  821;-1.040000e+01;5.600000e-02
  822;-1.039000e+01;5.640000e-02
  823;-1.038000e+01;5.640000e-02
  824;-1.037000e+01;5.720000e-02
  825;-1.036000e+01;5.800000e-02
  826;-1.035000e+01;5.680000e-02
  827;-1.034000e+01;5.840000e-02
  828;-1.033000e+01;5.640000e-02
  829;-1.032000e+01;5.840000e-02
  830;-1.031000e+01;5.880000e-02
  831;-1.030000e+01;5.800000e-02
  832;-1.029000e+01;5.840000e-02
  833;-1.028000e+01;5.880000e-02
  834;-1.027000e+01;6.040000e-02
  835;-1.026000e+01;6.000000e-02
  836;-1.025000e+01;5.920000e-02
  837;-1.024000e+01;6.000000e-02
  838;-1.023000e+01;6.120000e-02
  839;-1.022000e+01;6.120000e-02
  840;-1.021000e+01;6.120000e-02
  841;-1.020000e+01;6.040000e-02
  842;-1.019000e+01;6.240000e-02
  843;-1.018000e+01;6.120000e-02
  844;-1.017000e+01;6.160000e-02
  845;-1.016000e+01;6.160000e-02
  846;-1.015000e+01;6.200000e-02
  847;-1.014000e+01;6.200000e-02
  848;-1.013000e+01;6.280000e-02
  849;-1.012000e+01;6.200000e-02
  850;-1.011000e+01;6.240000e-02
  851;-1.010000e+01;6.280000e-02
  852;-1.009000e+01;6.360000e-02
  853;-1.008000e+01;6.320000e-02
  854;-1.007000e+01;6.200000e-02
  855;-1.006000e+01;6.280000e-02
  856;-1.005000e+01;6.440000e-02
  857;-1.004000e+01;6.400000e-02
  858;-1.003000e+01;6.440000e-02
  859;-1.002000e+01;6.400000e-02
  860;-1.001000e+01;6.400000e-02
  861;-1.000000e+01;6.520000e-02
  862;-9.990001e+00;6.360000e-02
  863;-9.980001e+00;6.600000e-02
  864;-9.970001e+00;6.520000e-02
  865;-9.960001e+00;6.600000e-02
  866;-9.950001e+00;6.600000e-02
  867;-9.940001e+00;6.640000e-02
  868;-9.930001e+00;6.800000e-02
  869;-9.920001e+00;6.640000e-02
  870;-9.910001e+00;6.520000e-02
  871;-9.900001e+00;6.560000e-02
  872;-9.890001e+00;6.920000e-02
  873;-9.880001e+00;6.560000e-02
  874;-9.870001e+00;6.800000e-02
  875;-9.860001e+00;6.560000e-02
  876;-9.850001e+00;6.840000e-02
  877;-9.840001e+00;6.640000e-02
  878;-9.830001e+00;6.600000e-02
  879;-9.820001e+00;6.680000e-02
  880;-9.810001e+00;6.800000e-02
  881;-9.800001e+00;6.840000e-02
  882;-9.790001e+00;6.840000e-02
  883;-9.780001e+00;6.600000e-02
  884;-9.770001e+00;7.240000e-02
  885;-9.760001e+00;6.800000e-02
  886;-9.750001e+00;6.800000e-02
  887;-9.740001e+00;6.840000e-02
  888;-9.730001e+00;6.880000e-02
  889;-9.720001e+00;6.800000e-02
  890;-9.710001e+00;6.800000e-02
  891;-9.700001e+00;6.840000e-02
  892;-9.690001e+00;6.880000e-02
  893;-9.680001e+00;6.800000e-02
  894;-9.670001e+00;7.040000e-02
  895;-9.660001e+00;7.000000e-02
  896;-9.650001e+00;6.880000e-02
  897;-9.640001e+00;7.120000e-02
  898;-9.630001e+00;7.120000e-02
  899;-9.620001e+00;7.160000e-02
  900;-9.610001e+00;7.080000e-02
  901;-9.600001e+00;7.000000e-02
  902;-9.590001e+00;7.080000e-02
  903;-9.580001e+00;7.080000e-02
  904;-9.570001e+00;7.320000e-02
  905;-9.560001e+00;7.000000e-02
  906;-9.550001e+00;7.160000e-02
  907;-9.540001e+00;7.120000e-02
  908;-9.530001e+00;7.040000e-02
  909;-9.520001e+00;7.200000e-02
  910;-9.510001e+00;7.240000e-02
  911;-9.500001e+00;6.920000e-02
  912;-9.490001e+00;7.000000e-02
  913;-9.480001e+00;7.080000e-02
  914;-9.470001e+00;7.160000e-02
  915;-9.460001e+00;7.240000e-02
  916;-9.450001e+00;7.160000e-02
  917;-9.440001e+00;7.160000e-02
  918;-9.430001e+00;7.080000e-02
  919;-9.420001e+00;7.120000e-02
  920;-9.410001e+00;7.080000e-02
  921;-9.400001e+00;7.120000e-02
  922;-9.390001e+00;7.240000e-02
  923;-9.380001e+00;7.280000e-02
  924;-9.370001e+00;7.200000e-02
  925;-9.360001e+00;7.120000e-02
  926;-9.350001e+00;7.200000e-02
  927;-9.340001e+00;7.160000e-02
  928;-9.330001e+00;7.200000e-02
  929;-9.320001e+00;7.160000e-02
  930;-9.310001e+00;7.240000e-02
  931;-9.300001e+00;7.200000e-02
  932;-9.290001e+00;7.320000e-02
  933;-9.280001e+00;7.240000e-02
  934;-9.270001e+00;7.160000e-02
  935;-9.260001e+00;7.240000e-02
  936;-9.250001e+00;7.240000e-02
  937;-9.240001e+00;7.120000e-02
  938;-9.230001e+00;7.160000e-02
  939;-9.220001e+00;7.240000e-02
  940;-9.210001e+00;7.160000e-02
  941;-9.200001e+00;7.280000e-02
  942;-9.190001e+00;7.200000e-02
  943;-9.180001e+00;7.200000e-02
  944;-9.170001e+00;7.160000e-02
  945;-9.160001e+00;7.160000e-02
  946;-9.150001e+00;7.160000e-02
  947;-9.140001e+00;7.280000e-02
  948;-9.130001e+00;7.280000e-02
  949;-9.120001e+00;7.160000e-02
  950;-9.110001e+00;7.200000e-02
  951;-9.100001e+00;7.040000e-02
  952;-9.090001e+00;7.080000e-02
  953;-9.080001e+00;7.360000e-02
  954;-9.070001e+00;7.160000e-02
  955;-9.060001e+00;7.120000e-02
  956;-9.050001e+00;7.040000e-02
  957;-9.040001e+00;7.160000e-02
  958;-9.030001e+00;7.040000e-02
  959;-9.020001e+00;7.160000e-02
  960;-9.010001e+00;7.080000e-02
  961;-9.000001e+00;7.000000e-02
  962;-8.990001e+00;7.160000e-02
  963;-8.980001e+00;7.080000e-02
  964;-8.970001e+00;7.120000e-02
  965;-8.960001e+00;7.160000e-02
  966;-8.950001e+00;7.120000e-02
  967;-8.940001e+00;6.920000e-02
  968;-8.930001e+00;7.040000e-02
  969;-8.920001e+00;6.920000e-02
  970;-8.910001e+00;7.000000e-02
  971;-8.900001e+00;7.120000e-02
  972;-8.890001e+00;6.920000e-02
  973;-8.880001e+00;7.080000e-02
  974;-8.870001e+00;7.160000e-02
  975;-8.860001e+00;7.080000e-02
  976;-8.850001e+00;7.080000e-02
  977;-8.840001e+00;7.040000e-02
  978;-8.830001e+00;7.080000e-02
  979;-8.820001e+00;7.200000e-02
  980;-8.810001e+00;7.080000e-02
  981;-8.800001e+00;7.000000e-02
  982;-8.790001e+00;7.040000e-02
  983;-8.780001e+00;7.120000e-02
  984;-8.770001e+00;7.080000e-02
  985;-8.760001e+00;7.120000e-02
  986;-8.750001e+00;6.920000e-02
  987;-8.740001e+00;7.040000e-02
  988;-8.730001e+00;6.920000e-02
  989;-8.720001e+00;7.000000e-02
  990;-8.710001e+00;7.080000e-02
  991;-8.700001e+00;7.160000e-02
  992;-8.690001e+00;7.120000e-02
  993;-8.680001e+00;7.200000e-02
  994;-8.670001e+00;7.160000e-02
  995;-8.660001e+00;7.080000e-02
  996;-8.650001e+00;7.160000e-02
  997;-8.640001e+00;7.160000e-02
  998;-8.630001e+00;7.160000e-02
  999;-8.620001e+00;7.280000e-02
 1000;-8.610001e+00;7.120000e-02
 1001;-8.600001e+00;7.080000e-02
 1002;-8.590001e+00;7.200000e-02
 1003;-8.580001e+00;7.160000e-02
 1004;-8.570001e+00;7.120000e-02
 1005;-8.560001e+00;7.240000e-02
 1006;-8.550001e+00;7.000000e-02
 1007;-8.540001e+00;7.200000e-02
 1008;-8.530001e+00;7.120000e-02
 1009;-8.520001e+00;7.120000e-02
 1010;-8.510001e+00;7.040000e-02
 1011;-8.500001e+00;7.040000e-02
 1012;-8.490001e+00;7.080000e-02
 1013;-8.480001e+00;7.000000e-02
 1014;-8.470001e+00;6.960000e-02
 1015;-8.460001e+00;7.080000e-02
 1016;-8.450001e+00;6.840000e-02
 1017;-8.440001e+00;6.920000e-02
 1018;-8.430001e+00;7.160000e-02
 1019;-8.420001e+00;6.880000e-02
 1020;-8.410001e+00;7.040000e-02
 1021;-8.400001e+00;7.000000e-02
 1022;-8.390001e+00;7.120000e-02
 1023;-8.380001e+00;7.160000e-02
 1024;-8.370001e+00;7.000000e-02
 1025;-8.360001e+00;6.920000e-02
 1026;-8.350001e+00;6.880000e-02
 1027;-8.340001e+00;7.040000e-02
 1028;-8.330001e+00;7.080000e-02
 1029;-8.320001e+00;7.040000e-02
 1030;-8.310001e+00;7.160000e-02
 1031;-8.300001e+00;7.080000e-02
 1032;-8.290001e+00;6.880000e-02
 1033;-8.280001e+00;7.160000e-02
 1034;-8.270001e+00;7.040000e-02
 1035;-8.260001e+00;7.000000e-02
 1036;-8.250001e+00;7.160000e-02
 1037;-8.240001e+00;7.240000e-02
 1038;-8.230001e+00;7.040000e-02
 1039;-8.220001e+00;7.040000e-02
 1040;-8.210001e+00;6.960000e-02
 1041;-8.200001e+00;6.960000e-02
 1042;-8.190001e+00;6.960000e-02
 1043;-8.180001e+00;7.120000e-02
 1044;-8.170001e+00;7.040000e-02
 1045;-8.160001e+00;7.040000e-02
 1046;-8.150001e+00;7.200000e-02
 1047;-8.140001e+00;7.080000e-02
 1048;-8.130001e+00;6.920000e-02
 1049;-8.120001e+00;6.960000e-02
 1050;-8.110001e+00;7.000000e-02
 1051;-8.100001e+00;7.120000e-02
 1052;-8.090001e+00;7.040000e-02
 1053;-8.080001e+00;7.160000e-02
 1054;-8.070001e+00;7.120000e-02
 1055;-8.060001e+00;7.120000e-02
 1056;-8.050001e+00;7.080000e-02
 1057;-8.040001e+00;7.000000e-02
 1058;-8.030001e+00;7.160000e-02
 1059;-8.020001e+00;6.960000e-02
 1060;-8.010001e+00;7.120000e-02
 1061;-8.000001e+00;7.080000e-02
 1062;-7.990001e+00;6.920000e-02
 1063;-7.980001e+00;7.120000e-02
 1064;-7.970001e+00;6.920000e-02
 1065;-7.960001e+00;7.040000e-02
 1066;-7.950001e+00;7.000000e-02
 1067;-7.940001e+00;7.120000e-02
 1068;-7.930001e+00;7.080000e-02
 1069;-7.920001e+00;7.120000e-02
 1070;-7.910001e+00;6.960000e-02
 1071;-7.900001e+00;7.080000e-02
 1072;-7.890001e+00;7.040000e-02
 1073;-7.880001e+00;7.040000e-02
 1074;-7.870001e+00;7.080000e-02
 1075;-7.860001e+00;7.040000e-02
 1076;-7.850001e+00;7.040000e-02
 1077;-7.840001e+00;6.960000e-02
 1078;-7.830001e+00;7.080000e-02
 1079;-7.820001e+00;7.040000e-02
 1080;-7.810001e+00;7.080000e-02
 1081;-7.800001e+00;7.080000e-02
 1082;-7.790001e+00;7.120000e-02
 1083;-7.780001e+00;6.960000e-02
 1084;-7.770001e+00;7.120000e-02
 1085;-7.760001e+00;7.160000e-02
 1086;-7.750001e+00;7.000000e-02
 1087;-7.740001e+00;7.080000e-02
 1088;-7.730001e+00;7.000000e-02
 1089;-7.720001e+00;6.840000e-02
 1090;-7.710001e+00;6.960000e-02
 1091;-7.700001e+00;7.000000e-02
 1092;-7.690001e+00;6.920000e-02
 1093;-7.680001e+00;6.960000e-02
 1094;-7.670001e+00;6.880000e-02
 1095;-7.660001e+00;6.840000e-02
 1096;-7.650001e+00;6.840000e-02
 1097;-7.640001e+00;6.800000e-02
 1098;-7.630001e+00;6.760000e-02
 1099;-7.620001e+00;6.760000e-02
 1100;-7.610001e+00;6.720000e-02
 1101;-7.600001e+00;6.840000e-02
 1102;-7.590001e+00;7.120000e-02
 1103;-7.580001e+00;7.080000e-02
 1104;-7.570001e+00;6.960000e-02
 1105;-7.560001e+00;7.040000e-02
 1106;-7.550001e+00;7.040000e-02
 1107;-7.540001e+00;7.200000e-02
 1108;-7.530001e+00;7.080000e-02
 1109;-7.520001e+00;7.040000e-02
 1110;-7.510001e+00;7.120000e-02
 1111;-7.500001e+00;7.040000e-02
 1112;-7.490001e+00;7.040000e-02
 1113;-7.480001e+00;6.880000e-02
 1114;-7.470001e+00;6.920000e-02
 1115;-7.460001e+00;6.880000e-02
 1116;-7.450001e+00;6.720000e-02
 1117;-7.440001e+00;6.840000e-02
 1118;-7.430001e+00;6.800000e-02
 1119;-7.420001e+00;6.880000e-02
 1120;-7.410001e+00;7.000000e-02
 1121;-7.400001e+00;6.960000e-02
 1122;-7.390001e+00;6.640000e-02
 1123;-7.380001e+00;7.040000e-02
 1124;-7.370001e+00;7.080000e-02
 1125;-7.360001e+00;7.120000e-02
 1126;-7.350001e+00;7.320000e-02
 1127;-7.340001e+00;7.040000e-02
 1128;-7.330001e+00;6.960000e-02
 1129;-7.320001e+00;6.960000e-02
 1130;-7.310001e+00;7.080000e-02
 1131;-7.300001e+00;7.000000e-02
 1132;-7.290001e+00;7.000000e-02
 1133;-7.280001e+00;7.040000e-02
 1134;-7.270001e+00;7.120000e-02
 1135;-7.260001e+00;7.040000e-02
 1136;-7.250001e+00;7.000000e-02
 1137;-7.240001e+00;7.000000e-02
 1138;-7.230001e+00;6.920000e-02
 1139;-7.220001e+00;6.880000e-02
 1140;-7.210001e+00;7.000000e-02
 1141;-7.200001e+00;7.000000e-02
 1142;-7.190001e+00;6.920000e-02
 1143;-7.180001e+00;7.000000e-02
 1144;-7.170001e+00;7.040000e-02
 1145;-7.160001e+00;7.000000e-02
 1146;-7.150001e+00;7.040000e-02
 1147;-7.140001e+00;7.000000e-02
 1148;-7.130001e+00;7.000000e-02
 1149;-7.120001e+00;7.080000e-02
 1150;-7.110001e+00;7.040000e-02
 1151;-7.100001e+00;7.080000e-02
 1152;-7.090001e+00;7.160000e-02
 1153;-7.080001e+00;7.000000e-02
 1154;-7.070001e+00;7.040000e-02
 1155;-7.060001e+00;6.840000e-02
 1156;-7.050001e+00;6.960000e-02
 1157;-7.040001e+00;6.960000e-02
 1158;-7.030001e+00;6.880000e-02
 1159;-7.020001e+00;7.040000e-02
 1160;-7.010001e+00;6.960000e-02
 1161;-7.000001e+00;7.000000e-02
 1162;-6.990001e+00;7.040000e-02
 1163;-6.980001e+00;7.040000e-02
 1164;-6.970001e+00;7.080000e-02
 1165;-6.960001e+00;7.120000e-02
 1166;-6.950001e+00;7.000000e-02
 1167;-6.940001e+00;7.000000e-02
 1168;-6.930001e+00;7.080000e-02
 1169;-6.920001e+00;7.080000e-02
 1170;-6.910001e+00;7.040000e-02
 1171;-6.900001e+00;7.200000e-02
 1172;-6.890001e+00;7.160000e-02
 1173;-6.880001e+00;7.080000e-02
 1174;-6.870001e+00;7.040000e-02
 1175;-6.860001e+00;7.160000e-02
 1176;-6.850001e+00;7.280000e-02
 1177;-6.840001e+00;7.160000e-02
 1178;-6.830001e+00;7.200000e-02
 1179;-6.820001e+00;7.080000e-02
 1180;-6.810001e+00;6.880000e-02
 1181;-6.800001e+00;7.040000e-02
 1182;-6.790001e+00;7.120000e-02
 1183;-6.780001e+00;7.120000e-02
 1184;-6.770001e+00;7.120000e-02
 1185;-6.760001e+00;7.160000e-02
 1186;-6.750001e+00;7.120000e-02
 1187;-6.740001e+00;7.000000e-02
 1188;-6.730001e+00;7.120000e-02
 1189;-6.720001e+00;7.040000e-02
 1190;-6.710001e+00;7.040000e-02
 1191;-6.700001e+00;7.080000e-02
 1192;-6.690001e+00;6.920000e-02
 1193;-6.680001e+00;7.080000e-02
 1194;-6.670001e+00;7.080000e-02
 1195;-6.660001e+00;7.040000e-02
 1196;-6.650001e+00;6.960000e-02
 1197;-6.640001e+00;7.080000e-02
 1198;-6.630001e+00;7.040000e-02
 1199;-6.620001e+00;7.040000e-02
 1200;-6.610001e+00;7.120000e-02
 1201;-6.600001e+00;7.240000e-02
 1202;-6.590001e+00;7.040000e-02
 1203;-6.580001e+00;7.160000e-02
 1204;-6.570001e+00;7.120000e-02
 1205;-6.560001e+00;7.040000e-02
 1206;-6.550001e+00;7.360000e-02
 1207;-6.540001e+00;7.080000e-02
 1208;-6.530001e+00;7.000000e-02
 1209;-6.520001e+00;7.160000e-02
 1210;-6.510001e+00;7.000000e-02
 1211;-6.500001e+00;7.160000e-02
 1212;-6.490001e+00;6.960000e-02
 1213;-6.480001e+00;7.040000e-02
 1214;-6.470001e+00;7.080000e-02
 1215;-6.460001e+00;7.200000e-02
 1216;-6.450001e+00;7.200000e-02
 1217;-6.440001e+00;7.080000e-02
 1218;-6.430001e+00;7.080000e-02
 1219;-6.420001e+00;7.040000e-02
 1220;-6.410001e+00;7.080000e-02
 1221;-6.400001e+00;7.320000e-02
 1222;-6.390001e+00;7.080000e-02
 1223;-6.380001e+00;7.160000e-02
 1224;-6.370001e+00;7.120000e-02
 1225;-6.360001e+00;7.040000e-02
 1226;-6.350001e+00;7.120000e-02
 1227;-6.340001e+00;7.080000e-02
 1228;-6.330001e+00;7.280000e-02
 1229;-6.320001e+00;7.160000e-02
 1230;-6.310001e+00;6.960000e-02
 1231;-6.300001e+00;7.120000e-02
 1232;-6.290001e+00;7.040000e-02
 1233;-6.280001e+00;7.080000e-02
 1234;-6.270001e+00;7.080000e-02
 1235;-6.260001e+00;7.000000e-02
 1236;-6.250001e+00;7.040000e-02
 1237;-6.240001e+00;7.000000e-02
 1238;-6.230001e+00;6.880000e-02
 1239;-6.220001e+00;7.080000e-02
 1240;-6.210001e+00;7.000000e-02
 1241;-6.200001e+00;7.080000e-02
 1242;-6.190001e+00;7.120000e-02
 1243;-6.180001e+00;7.080000e-02
 1244;-6.170001e+00;7.080000e-02
 1245;-6.160001e+00;7.160000e-02
 1246;-6.150001e+00;7.120000e-02
 1247;-6.140001e+00;7.200000e-02
 1248;-6.130001e+00;7.000000e-02
 1249;-6.120001e+00;7.120000e-02
 1250;-6.110001e+00;6.920000e-02
 1251;-6.100001e+00;7.200000e-02
 1252;-6.090001e+00;7.240000e-02
 1253;-6.080001e+00;7.160000e-02
 1254;-6.070001e+00;7.160000e-02
 1255;-6.060001e+00;7.200000e-02
 1256;-6.050001e+00;7.200000e-02
 1257;-6.040001e+00;7.080000e-02
 1258;-6.030001e+00;7.120000e-02
 1259;-6.020001e+00;7.160000e-02
 1260;-6.010001e+00;7.240000e-02
 1261;-6.000001e+00;7.120000e-02
 1262;-5.990001e+00;7.080000e-02
 1263;-5.980001e+00;7.200000e-02
 1264;-5.970001e+00;7.160000e-02
 1265;-5.960001e+00;7.120000e-02
 1266;-5.950001e+00;7.240000e-02
 1267;-5.940001e+00;7.160000e-02
 1268;-5.930001e+00;7.120000e-02
 1269;-5.920001e+00;7.160000e-02
 1270;-5.910001e+00;7.120000e-02
 1271;-5.900001e+00;7.080000e-02
 1272;-5.890001e+00;7.160000e-02
 1273;-5.880001e+00;7.160000e-02
 1274;-5.870001e+00;7.040000e-02
 1275;-5.860001e+00;7.120000e-02
 1276;-5.850001e+00;7.040000e-02
 1277;-5.840001e+00;6.960000e-02
 1278;-5.830001e+00;7.080000e-02
 1279;-5.820001e+00;7.080000e-02
 1280;-5.810001e+00;7.040000e-02
 1281;-5.800001e+00;7.000000e-02
 1282;-5.790001e+00;6.920000e-02
 1283;-5.780001e+00;6.960000e-02
 1284;-5.770001e+00;7.040000e-02
 1285;-5.760001e+00;7.160000e-02
 1286;-5.750001e+00;6.960000e-02
 1287;-5.740001e+00;6.880000e-02
 1288;-5.730001e+00;6.880000e-02
 1289;-5.720001e+00;7.040000e-02
 1290;-5.710001e+00;7.360000e-02
 1291;-5.700001e+00;7.280000e-02
 1292;-5.690001e+00;7.120000e-02
 1293;-5.680001e+00;7.240000e-02
 1294;-5.670001e+00;7.080000e-02
 1295;-5.660001e+00;7.080000e-02
 1296;-5.650001e+00;7.040000e-02
 1297;-5.640001e+00;7.040000e-02
 1298;-5.630001e+00;7.000000e-02
 1299;-5.620001e+00;6.960000e-02
 1300;-5.610001e+00;7.080000e-02
 1301;-5.600001e+00;7.040000e-02
 1302;-5.590001e+00;7.040000e-02
 1303;-5.580001e+00;6.960000e-02
 1304;-5.570001e+00;7.200000e-02
 1305;-5.560001e+00;7.000000e-02
 1306;-5.550001e+00;7.000000e-02
 1307;-5.540001e+00;6.920000e-02
 1308;-5.530001e+00;7.080000e-02
 1309;-5.520001e+00;7.040000e-02
 1310;-5.510001e+00;7.000000e-02
 1311;-5.500001e+00;7.120000e-02
 1312;-5.490001e+00;7.120000e-02
 1313;-5.480001e+00;6.920000e-02
 1314;-5.470001e+00;6.920000e-02
 1315;-5.460001e+00;7.200000e-02
 1316;-5.450001e+00;6.920000e-02
 1317;-5.440001e+00;7.040000e-02
 1318;-5.430001e+00;6.800000e-02
 1319;-5.420001e+00;7.160000e-02
 1320;-5.410001e+00;7.000000e-02
 1321;-5.400001e+00;7.000000e-02
 1322;-5.390001e+00;7.200000e-02
 1323;-5.380001e+00;7.040000e-02
 1324;-5.370001e+00;7.000000e-02
 1325;-5.360001e+00;6.720000e-02
 1326;-5.350001e+00;7.120000e-02
 1327;-5.340001e+00;7.000000e-02
 1328;-5.330001e+00;7.040000e-02
 1329;-5.320001e+00;7.080000e-02
 1330;-5.310001e+00;7.040000e-02
 1331;-5.300001e+00;7.080000e-02
 1332;-5.290001e+00;7.160000e-02
 1333;-5.280001e+00;7.240000e-02
 1334;-5.270001e+00;7.080000e-02
 1335;-5.260001e+00;7.120000e-02
 1336;-5.250001e+00;7.200000e-02
 1337;-5.240001e+00;7.080000e-02
 1338;-5.230001e+00;7.400000e-02
 1339;-5.220001e+00;7.080000e-02
 1340;-5.210001e+00;7.040000e-02
 1341;-5.200001e+00;7.000000e-02
 1342;-5.190001e+00;7.200000e-02
 1343;-5.180001e+00;7.120000e-02
 1344;-5.170001e+00;6.960000e-02
 1345;-5.160001e+00;7.080000e-02
 1346;-5.150001e+00;7.040000e-02
 1347;-5.140001e+00;7.080000e-02
 1348;-5.130001e+00;7.200000e-02
 1349;-5.120001e+00;7.120000e-02
 1350;-5.110001e+00;7.160000e-02
 1351;-5.100001e+00;7.160000e-02
 1352;-5.090001e+00;7.120000e-02
 1353;-5.080001e+00;7.200000e-02
 1354;-5.070001e+00;7.160000e-02
 1355;-5.060001e+00;7.240000e-02
 1356;-5.050001e+00;7.120000e-02
 1357;-5.040001e+00;7.240000e-02
 1358;-5.030001e+00;7.160000e-02
 1359;-5.020001e+00;7.120000e-02
 1360;-5.010001e+00;7.160000e-02
 1361;-5.000001e+00;7.120000e-02
 1362;-4.990001e+00;7.040000e-02
 1363;-4.980001e+00;7.080000e-02
 1364;-4.970001e+00;7.080000e-02
 1365;-4.960001e+00;7.080000e-02
 1366;-4.950001e+00;7.120000e-02
 1367;-4.940001e+00;7.240000e-02
 1368;-4.930001e+00;7.160000e-02
 1369;-4.920001e+00;7.160000e-02
 1370;-4.910001e+00;7.240000e-02
 1371;-4.900001e+00;7.360000e-02
 1372;-4.890001e+00;7.240000e-02
 1373;-4.880001e+00;7.200000e-02
 1374;-4.870001e+00;7.080000e-02
 1375;-4.860001e+00;7.320000e-02
 1376;-4.850001e+00;7.120000e-02
 1377;-4.840001e+00;7.120000e-02
 1378;-4.830001e+00;7.080000e-02
 1379;-4.820001e+00;7.240000e-02
 1380;-4.810001e+00;7.080000e-02
 1381;-4.800001e+00;7.120000e-02
 1382;-4.790001e+00;7.160000e-02
 1383;-4.780001e+00;7.120000e-02
 1384;-4.770001e+00;7.160000e-02
 1385;-4.760001e+00;7.200000e-02
 1386;-4.750001e+00;7.240000e-02
 1387;-4.740001e+00;7.040000e-02
 1388;-4.730001e+00;7.160000e-02
 1389;-4.720001e+00;7.200000e-02
 1390;-4.710001e+00;7.120000e-02
 1391;-4.700001e+00;7.200000e-02
 1392;-4.690001e+00;7.240000e-02
 1393;-4.680001e+00;6.960000e-02
 1394;-4.670001e+00;7.200000e-02
 1395;-4.660001e+00;7.200000e-02
 1396;-4.650001e+00;7.240000e-02
 1397;-4.640001e+00;7.000000e-02
 1398;-4.630001e+00;7.000000e-02
 1399;-4.620001e+00;7.040000e-02
 1400;-4.610001e+00;7.120000e-02
 1401;-4.600001e+00;7.040000e-02
 1402;-4.590001e+00;7.240000e-02
 1403;-4.580001e+00;7.120000e-02
 1404;-4.570001e+00;7.040000e-02
 1405;-4.560001e+00;7.080000e-02
 1406;-4.550001e+00;6.960000e-02
 1407;-4.540001e+00;7.040000e-02
 1408;-4.530001e+00;7.160000e-02
 1409;-4.520001e+00;7.000000e-02
 1410;-4.510001e+00;7.040000e-02
 1411;-4.500001e+00;7.000000e-02
 1412;-4.490001e+00;7.000000e-02
 1413;-4.480001e+00;7.040000e-02
 1414;-4.470001e+00;7.040000e-02
 1415;-4.460001e+00;6.920000e-02
 1416;-4.450001e+00;6.960000e-02
 1417;-4.440001e+00;6.880000e-02
 1418;-4.430001e+00;6.640000e-02
 1419;-4.420001e+00;7.040000e-02
 1420;-4.410001e+00;7.080000e-02
 1421;-4.400001e+00;6.920000e-02
 1422;-4.390001e+00;6.720000e-02
 1423;-4.380001e+00;6.920000e-02
 1424;-4.370001e+00;7.040000e-02
 1425;-4.360001e+00;6.920000e-02
 1426;-4.350001e+00;6.920000e-02
 1427;-4.340001e+00;6.880000e-02
 1428;-4.330001e+00;6.920000e-02
 1429;-4.320001e+00;6.920000e-02
 1430;-4.310001e+00;7.080000e-02
 1431;-4.300001e+00;6.760000e-02
 1432;-4.290001e+00;6.880000e-02
 1433;-4.280001e+00;6.960000e-02
 1434;-4.270001e+00;6.840000e-02
 1435;-4.260001e+00;6.760000e-02
 1436;-4.250001e+00;6.720000e-02
 1437;-4.240001e+00;6.680000e-02
 1438;-4.230001e+00;6.720000e-02
 1439;-4.220001e+00;6.760000e-02
 1440;-4.210001e+00;6.680000e-02
 1441;-4.200001e+00;6.320000e-02
 1442;-4.190001e+00;6.760000e-02
 1443;-4.180001e+00;6.520000e-02
 1444;-4.170001e+00;6.640000e-02
 1445;-4.160001e+00;6.560000e-02
 1446;-4.150001e+00;6.800000e-02
 1447;-4.140001e+00;6.720000e-02
 1448;-4.130001e+00;6.560000e-02
 1449;-4.120001e+00;6.720000e-02
 1450;-4.110001e+00;6.600000e-02
 1451;-4.100001e+00;6.640000e-02
 1452;-4.090001e+00;6.720000e-02
 1453;-4.080001e+00;6.800000e-02
 1454;-4.070001e+00;6.720000e-02
 1455;-4.060001e+00;6.720000e-02
 1456;-4.050001e+00;6.720000e-02
 1457;-4.040001e+00;6.840000e-02
 1458;-4.030001e+00;6.680000e-02
 1459;-4.020001e+00;6.840000e-02
 1460;-4.010001e+00;6.600000e-02
 1461;-4.000001e+00;6.880000e-02
 1462;-3.990001e+00;6.840000e-02
 1463;-3.980001e+00;6.960000e-02
 1464;-3.970001e+00;6.800000e-02
 1465;-3.960001e+00;6.800000e-02
 1466;-3.950001e+00;6.840000e-02
 1467;-3.940001e+00;6.920000e-02
 1468;-3.930001e+00;6.920000e-02
 1469;-3.920001e+00;6.920000e-02
 1470;-3.910001e+00;6.920000e-02
 1471;-3.900001e+00;6.920000e-02
 1472;-3.890001e+00;7.000000e-02
 1473;-3.880001e+00;6.800000e-02
 1474;-3.870001e+00;6.960000e-02
 1475;-3.860001e+00;6.800000e-02
 1476;-3.850001e+00;6.840000e-02
 1477;-3.840001e+00;6.880000e-02
 1478;-3.830001e+00;6.880000e-02
 1479;-3.820001e+00;6.880000e-02
 1480;-3.810001e+00;6.920000e-02
 1481;-3.800001e+00;7.000000e-02
 1482;-3.790001e+00;7.120000e-02
 1483;-3.780001e+00;6.920000e-02
 1484;-3.770001e+00;7.320000e-02
 1485;-3.760001e+00;6.920000e-02
 1486;-3.750001e+00;7.080000e-02
 1487;-3.740001e+00;7.000000e-02
 1488;-3.730001e+00;7.080000e-02
 1489;-3.720001e+00;7.160000e-02
 1490;-3.710001e+00;6.960000e-02
 1491;-3.700001e+00;6.960000e-02
 1492;-3.690001e+00;6.920000e-02
 1493;-3.680001e+00;7.080000e-02
 1494;-3.670001e+00;6.880000e-02
 1495;-3.660001e+00;6.840000e-02
 1496;-3.650001e+00;6.960000e-02
 1497;-3.640001e+00;6.960000e-02
 1498;-3.630001e+00;7.080000e-02
 1499;-3.620001e+00;7.000000e-02
 1500;-3.610001e+00;7.120000e-02
 1501;-3.600001e+00;6.920000e-02
 1502;-3.590001e+00;7.080000e-02
 1503;-3.580001e+00;7.000000e-02
 1504;-3.570001e+00;7.160000e-02
 1505;-3.560001e+00;6.960000e-02
 1506;-3.550001e+00;6.920000e-02
 1507;-3.540001e+00;7.040000e-02
 1508;-3.530001e+00;6.920000e-02
 1509;-3.520001e+00;7.080000e-02
 1510;-3.510001e+00;7.000000e-02
 1511;-3.500001e+00;7.040000e-02
 1512;-3.490001e+00;7.040000e-02
 1513;-3.480001e+00;6.920000e-02
 1514;-3.470001e+00;7.040000e-02
 1515;-3.460001e+00;7.000000e-02
 1516;-3.450001e+00;7.000000e-02
 1517;-3.440001e+00;6.960000e-02
 1518;-3.430001e+00;6.960000e-02
 1519;-3.420001e+00;6.920000e-02
 1520;-3.410001e+00;7.000000e-02
 1521;-3.400001e+00;6.880000e-02
 1522;-3.390001e+00;6.960000e-02
 1523;-3.380001e+00;6.920000e-02
 1524;-3.370001e+00;6.880000e-02
 1525;-3.360001e+00;7.000000e-02
 1526;-3.350001e+00;7.080000e-02
 1527;-3.340001e+00;6.880000e-02
 1528;-3.330001e+00;7.080000e-02
 1529;-3.320001e+00;7.040000e-02
 1530;-3.310001e+00;7.080000e-02
 1531;-3.300001e+00;7.040000e-02
 1532;-3.290001e+00;7.000000e-02
 1533;-3.280001e+00;7.040000e-02
 1534;-3.270001e+00;6.920000e-02
 1535;-3.260001e+00;7.040000e-02
 1536;-3.250001e+00;6.840000e-02
 1537;-3.240001e+00;7.000000e-02
 1538;-3.230001e+00;7.120000e-02
 1539;-3.220001e+00;7.000000e-02
 1540;-3.210001e+00;6.920000e-02
 1541;-3.200001e+00;6.960000e-02
 1542;-3.190001e+00;6.800000e-02
 1543;-3.180001e+00;6.960000e-02
 1544;-3.170001e+00;7.080000e-02
 1545;-3.160001e+00;6.880000e-02
 1546;-3.150001e+00;6.920000e-02
 1547;-3.140001e+00;6.840000e-02
 1548;-3.130001e+00;6.960000e-02
 1549;-3.120001e+00;6.840000e-02
 1550;-3.110001e+00;6.840000e-02
 1551;-3.100001e+00;6.920000e-02
 1552;-3.090001e+00;6.920000e-02
 1553;-3.080001e+00;6.960000e-02
 1554;-3.070001e+00;7.000000e-02
 1555;-3.060001e+00;6.920000e-02
 1556;-3.050001e+00;6.920000e-02
 1557;-3.040001e+00;6.880000e-02
 1558;-3.030001e+00;6.800000e-02
 1559;-3.020001e+00;7.000000e-02
 1560;-3.010001e+00;7.120000e-02
 1561;-3.000001e+00;6.640000e-02
 1562;-2.990001e+00;7.160000e-02
 1563;-2.980001e+00;7.160000e-02
 1564;-2.970001e+00;7.080000e-02
 1565;-2.960001e+00;7.040000e-02
 1566;-2.950001e+00;7.120000e-02
 1567;-2.940001e+00;7.120000e-02
 1568;-2.930001e+00;7.080000e-02
 1569;-2.920001e+00;7.240000e-02
 1570;-2.910001e+00;7.120000e-02
 1571;-2.900001e+00;7.120000e-02
 1572;-2.890001e+00;7.120000e-02
 1573;-2.880001e+00;7.200000e-02
 1574;-2.870001e+00;7.200000e-02
 1575;-2.860001e+00;7.120000e-02
 1576;-2.850001e+00;7.080000e-02
 1577;-2.840001e+00;6.960000e-02
 1578;-2.830001e+00;7.080000e-02
 1579;-2.820001e+00;7.080000e-02
 1580;-2.810001e+00;7.080000e-02
 1581;-2.800001e+00;7.040000e-02
 1582;-2.790001e+00;7.080000e-02
 1583;-2.780001e+00;6.920000e-02
 1584;-2.770001e+00;6.960000e-02
 1585;-2.760001e+00;7.000000e-02
 1586;-2.750001e+00;6.960000e-02
 1587;-2.740001e+00;6.960000e-02
 1588;-2.730001e+00;7.040000e-02
 1589;-2.720001e+00;6.960000e-02
 1590;-2.710001e+00;6.920000e-02
 1591;-2.700001e+00;6.960000e-02
 1592;-2.690001e+00;7.040000e-02
 1593;-2.680001e+00;6.960000e-02
 1594;-2.670001e+00;6.920000e-02
 1595;-2.660001e+00;6.840000e-02
 1596;-2.650001e+00;7.000000e-02
 1597;-2.640001e+00;7.000000e-02
 1598;-2.630001e+00;7.000000e-02
 1599;-2.620001e+00;7.120000e-02
 1600;-2.610001e+00;6.960000e-02
 1601;-2.600001e+00;7.000000e-02
 1602;-2.590001e+00;6.960000e-02
 1603;-2.580001e+00;7.040000e-02
 1604;-2.570001e+00;7.000000e-02
 1605;-2.560001e+00;6.960000e-02
 1606;-2.550001e+00;6.880000e-02
 1607;-2.540001e+00;6.880000e-02
 1608;-2.530001e+00;6.800000e-02
 1609;-2.520001e+00;6.920000e-02
 1610;-2.510001e+00;6.880000e-02
 1611;-2.500001e+00;6.920000e-02
 1612;-2.490001e+00;6.960000e-02
 1613;-2.480001e+00;6.920000e-02
 1614;-2.470001e+00;6.920000e-02
 1615;-2.460001e+00;6.720000e-02
 1616;-2.450001e+00;6.880000e-02
 1617;-2.440001e+00;6.880000e-02
 1618;-2.430001e+00;6.920000e-02
 1619;-2.420001e+00;6.840000e-02
 1620;-2.410001e+00;6.840000e-02
 1621;-2.400001e+00;6.800000e-02
 1622;-2.390001e+00;6.760000e-02
 1623;-2.380001e+00;6.920000e-02
 1624;-2.370001e+00;6.920000e-02
 1625;-2.360001e+00;6.840000e-02
 1626;-2.350001e+00;7.000000e-02
 1627;-2.340001e+00;6.840000e-02
 1628;-2.330001e+00;6.960000e-02
 1629;-2.320001e+00;6.840000e-02
 1630;-2.310001e+00;6.920000e-02
 1631;-2.300001e+00;6.920000e-02
 1632;-2.290001e+00;6.920000e-02
 1633;-2.280001e+00;7.160000e-02
 1634;-2.270001e+00;7.040000e-02
 1635;-2.260001e+00;7.040000e-02
 1636;-2.250001e+00;7.080000e-02
 1637;-2.240001e+00;7.120000e-02
 1638;-2.230001e+00;7.040000e-02
 1639;-2.220001e+00;7.040000e-02
 1640;-2.210001e+00;7.040000e-02
 1641;-2.200001e+00;6.960000e-02
 1642;-2.190001e+00;7.200000e-02
 1643;-2.180001e+00;7.120000e-02
 1644;-2.170001e+00;7.040000e-02
 1645;-2.160001e+00;6.880000e-02
 1646;-2.150001e+00;7.040000e-02
 1647;-2.140001e+00;7.000000e-02
 1648;-2.130001e+00;7.000000e-02
 1649;-2.120001e+00;7.160000e-02
 1650;-2.110001e+00;6.920000e-02
 1651;-2.100001e+00;6.920000e-02
 1652;-2.090001e+00;6.960000e-02
 1653;-2.080001e+00;6.920000e-02
 1654;-2.070001e+00;6.960000e-02
 1655;-2.060001e+00;6.880000e-02
 1656;-2.050001e+00;6.960000e-02
 1657;-2.040001e+00;7.000000e-02
 1658;-2.030001e+00;6.960000e-02
 1659;-2.020001e+00;6.960000e-02
 1660;-2.010001e+00;6.920000e-02
 1661;-2.000001e+00;7.040000e-02
 1662;-1.990001e+00;6.880000e-02
 1663;-1.980001e+00;6.960000e-02
 1664;-1.970001e+00;7.000000e-02
 1665;-1.960001e+00;6.920000e-02
 1666;-1.950001e+00;7.160000e-02
 1667;-1.940001e+00;7.000000e-02
 1668;-1.930001e+00;7.000000e-02
 1669;-1.920001e+00;7.120000e-02
 1670;-1.910001e+00;7.080000e-02
 1671;-1.900001e+00;7.160000e-02
 1672;-1.890001e+00;7.040000e-02
 1673;-1.880001e+00;7.360000e-02
 1674;-1.870001e+00;7.040000e-02
 1675;-1.860001e+00;7.000000e-02
 1676;-1.850001e+00;7.080000e-02
 1677;-1.840001e+00;7.160000e-02
 1678;-1.830001e+00;7.200000e-02
 1679;-1.820001e+00;7.120000e-02
 1680;-1.810001e+00;7.120000e-02
 1681;-1.800001e+00;7.040000e-02
 1682;-1.790001e+00;7.040000e-02
 1683;-1.780001e+00;7.160000e-02
 1684;-1.770001e+00;7.040000e-02
 1685;-1.760001e+00;7.040000e-02
 1686;-1.750001e+00;7.120000e-02
 1687;-1.740001e+00;7.040000e-02
 1688;-1.730001e+00;6.920000e-02
 1689;-1.720001e+00;6.840000e-02
 1690;-1.710001e+00;7.040000e-02
 1691;-1.700001e+00;6.880000e-02
 1692;-1.690001e+00;6.920000e-02
 1693;-1.680001e+00;6.920000e-02
 1694;-1.670001e+00;6.960000e-02
 1695;-1.660001e+00;6.920000e-02
 1696;-1.650001e+00;7.040000e-02
 1697;-1.640001e+00;6.960000e-02
 1698;-1.630001e+00;7.040000e-02
 1699;-1.620001e+00;7.000000e-02
 1700;-1.610001e+00;7.000000e-02
 1701;-1.600001e+00;7.000000e-02
 1702;-1.590001e+00;7.000000e-02
 1703;-1.580001e+00;6.960000e-02
 1704;-1.570001e+00;7.240000e-02
 1705;-1.560001e+00;7.120000e-02
 1706;-1.550001e+00;7.000000e-02
 1707;-1.540001e+00;7.040000e-02
 1708;-1.530001e+00;7.040000e-02
 1709;-1.520001e+00;7.040000e-02
 1710;-1.510001e+00;7.080000e-02
 1711;-1.500001e+00;7.120000e-02
 1712;-1.490001e+00;7.040000e-02
 1713;-1.480001e+00;6.960000e-02
 1714;-1.470001e+00;7.040000e-02
 1715;-1.460001e+00;7.000000e-02
 1716;-1.450001e+00;7.040000e-02
 1717;-1.440001e+00;7.160000e-02
 1718;-1.430001e+00;7.160000e-02
 1719;-1.420001e+00;7.120000e-02
 1720;-1.410001e+00;7.160000e-02
 1721;-1.400001e+00;7.080000e-02
 1722;-1.390001e+00;6.920000e-02
 1723;-1.380001e+00;7.120000e-02
 1724;-1.370001e+00;7.120000e-02
 1725;-1.360001e+00;7.160000e-02
 1726;-1.350001e+00;6.960000e-02
 1727;-1.340001e+00;7.080000e-02
 1728;-1.330001e+00;7.040000e-02
 1729;-1.320001e+00;6.960000e-02
 1730;-1.310001e+00;7.160000e-02
 1731;-1.300001e+00;6.960000e-02
 1732;-1.290001e+00;7.000000e-02
 1733;-1.280001e+00;7.000000e-02
 1734;-1.270001e+00;7.080000e-02
 1735;-1.260001e+00;6.920000e-02
 1736;-1.250001e+00;6.960000e-02
 1737;-1.240001e+00;6.920000e-02
 1738;-1.230001e+00;7.120000e-02
 1739;-1.220001e+00;6.960000e-02
 1740;-1.210001e+00;7.080000e-02
 1741;-1.200001e+00;7.000000e-02
 1742;-1.190001e+00;7.080000e-02
 1743;-1.180001e+00;7.080000e-02
 1744;-1.170001e+00;7.040000e-02
 1745;-1.160001e+00;7.040000e-02
 1746;-1.150001e+00;7.040000e-02
 1747;-1.140001e+00;6.960000e-02
 1748;-1.130001e+00;7.000000e-02
 1749;-1.120001e+00;7.080000e-02
 1750;-1.110001e+00;6.920000e-02
 1751;-1.100001e+00;7.080000e-02
 1752;-1.090001e+00;7.080000e-02
 1753;-1.080001e+00;7.000000e-02
 1754;-1.070001e+00;6.960000e-02
 1755;-1.060001e+00;7.000000e-02
 1756;-1.050001e+00;7.080000e-02
 1757;-1.040001e+00;7.120000e-02
 1758;-1.030001e+00;6.920000e-02
 1759;-1.020001e+00;6.920000e-02
 1760;-1.010001e+00;6.880000e-02
 1761;-1.000001e+00;6.920000e-02
 1762;-9.900008e-01;6.840000e-02
 1763;-9.800008e-01;7.000000e-02
 1764;-9.700008e-01;6.800000e-02
 1765;-9.600008e-01;7.040000e-02
 1766;-9.500008e-01;6.880000e-02
 1767;-9.400008e-01;7.040000e-02
 1768;-9.300008e-01;7.080000e-02
 1769;-9.200008e-01;6.920000e-02
 1770;-9.100008e-01;7.040000e-02
 1771;-9.000008e-01;7.080000e-02
 1772;-8.900008e-01;7.040000e-02
 1773;-8.800008e-01;6.920000e-02
 1774;-8.700008e-01;6.960000e-02
 1775;-8.600008e-01;6.960000e-02
 1776;-8.500008e-01;6.920000e-02
 1777;-8.400008e-01;7.040000e-02
 1778;-8.300008e-01;7.000000e-02
 1779;-8.200008e-01;6.920000e-02
 1780;-8.100008e-01;7.120000e-02
 1781;-8.000008e-01;7.000000e-02
 1782;-7.900008e-01;7.120000e-02
 1783;-7.800008e-01;7.000000e-02
 1784;-7.700008e-01;7.080000e-02
 1785;-7.600008e-01;7.000000e-02
 1786;-7.500008e-01;6.920000e-02
 1787;-7.400008e-01;7.080000e-02
 1788;-7.300008e-01;7.040000e-02
 1789;-7.200008e-01;7.040000e-02
 1790;-7.100008e-01;7.040000e-02
 1791;-7.000008e-01;7.040000e-02
 1792;-6.900008e-01;7.040000e-02
 1793;-6.800008e-01;7.120000e-02
 1794;-6.700008e-01;6.960000e-02
 1795;-6.600008e-01;6.960000e-02
 1796;-6.500008e-01;7.040000e-02
 1797;-6.400008e-01;7.040000e-02
 1798;-6.300008e-01;7.120000e-02
 1799;-6.200008e-01;7.000000e-02
 1800;-6.100008e-01;7.000000e-02
 1801;-6.000008e-01;7.120000e-02
 1802;-5.900008e-01;7.000000e-02
 1803;-5.800008e-01;7.120000e-02
 1804;-5.700008e-01;7.000000e-02
 1805;-5.600008e-01;7.000000e-02
 1806;-5.500008e-01;7.040000e-02
 1807;-5.400008e-01;7.120000e-02
 1808;-5.300008e-01;7.040000e-02
 1809;-5.200008e-01;7.160000e-02
 1810;-5.100008e-01;7.040000e-02
 1811;-5.000008e-01;7.160000e-02
 1812;-4.900008e-01;6.880000e-02
 1813;-4.800008e-01;7.040000e-02
 1814;-4.700008e-01;7.120000e-02
 1815;-4.600008e-01;7.120000e-02
 1816;-4.500008e-01;7.160000e-02
 1817;-4.400008e-01;7.120000e-02
 1818;-4.300008e-01;7.200000e-02
 1819;-4.200008e-01;7.040000e-02
 1820;-4.100008e-01;7.040000e-02
 1821;-4.000008e-01;7.040000e-02
 1822;-3.900008e-01;7.040000e-02
 1823;-3.800008e-01;7.120000e-02
 1824;-3.700008e-01;7.000000e-02
 1825;-3.600008e-01;7.040000e-02
 1826;-3.500008e-01;7.160000e-02
 1827;-3.400008e-01;6.880000e-02
 1828;-3.300008e-01;7.040000e-02
 1829;-3.200008e-01;7.000000e-02
 1830;-3.100008e-01;7.080000e-02
 1831;-3.000008e-01;7.000000e-02
 1832;-2.900008e-01;7.040000e-02
 1833;-2.800008e-01;7.120000e-02
 1834;-2.700008e-01;7.120000e-02
 1835;-2.600008e-01;7.080000e-02
 1836;-2.500008e-01;7.080000e-02
 1837;-2.400008e-01;6.880000e-02
 1838;-2.300008e-01;7.080000e-02
 1839;-2.200008e-01;6.960000e-02
 1840;-2.100008e-01;7.000000e-02
 1841;-2.000008e-01;6.960000e-02
 1842;-1.900008e-01;7.080000e-02
 1843;-1.800008e-01;6.920000e-02
 1844;-1.700008e-01;7.000000e-02
 1845;-1.600008e-01;7.200000e-02
 1846;-1.500008e-01;6.840000e-02
 1847;-1.400008e-01;7.080000e-02
 1848;-1.300008e-01;6.920000e-02
 1849;-1.200008e-01;7.000000e-02
 1850;-1.100008e-01;7.040000e-02
 1851;-1.000008e-01;6.840000e-02
 1852;-9.000080e-02;7.000000e-02
 1853;-8.000080e-02;7.000000e-02
 1854;-7.000080e-02;7.160000e-02
 1855;-6.000080e-02;7.040000e-02
 1856;-5.000080e-02;7.040000e-02
 1857;-4.000080e-02;6.960000e-02
 1858;-3.000080e-02;7.160000e-02
 1859;-2.000080e-02;7.160000e-02
 1860;-1.000080e-02;7.000000e-02
 1861;-7.972121e-07;2.120000e-02
 1862;9.999203e-03;1.520000e-02
 1863;1.999920e-02;1.480000e-02
 1864;2.999920e-02;1.520000e-02
 1865;3.999920e-02;1.480000e-02
 1866;4.999920e-02;1.400000e-02
 1867;5.999920e-02;1.480000e-02
 1868;6.999920e-02;1.440000e-02
 1869;7.999920e-02;1.520000e-02
 1870;8.999920e-02;1.520000e-02
 1871;9.999920e-02;1.440000e-02
 1872;1.099992e-01;1.520000e-02
 1873;1.199992e-01;1.560000e-02
 1874;1.299992e-01;1.520000e-02
 1875;1.399992e-01;1.520000e-02
 1876;1.499992e-01;1.440000e-02
 1877;1.599992e-01;1.400000e-02
 1878;1.699992e-01;1.480000e-02
 1879;1.799992e-01;1.520000e-02
 1880;1.899992e-01;1.560000e-02
 1881;1.999992e-01;1.520000e-02
 1882;2.099992e-01;1.480000e-02
 1883;2.199992e-01;1.480000e-02
 1884;2.299992e-01;1.480000e-02
 1885;2.399992e-01;1.440000e-02
 1886;2.499992e-01;1.400000e-02
 1887;2.599992e-01;1.400000e-02
 1888;2.699992e-01;1.480000e-02
 1889;2.799992e-01;1.480000e-02
 1890;2.899992e-01;1.560000e-02
 1891;2.999992e-01;1.160000e-02
 1892;3.099992e-01;1.560000e-02
 1893;3.199992e-01;1.520000e-02
 1894;3.299992e-01;1.440000e-02
 1895;3.399992e-01;1.600000e-02
 1896;3.499992e-01;1.440000e-02
 1897;3.599992e-01;1.520000e-02
 1898;3.699992e-01;1.480000e-02
 1899;3.799992e-01;1.560000e-02
 1900;3.899992e-01;1.560000e-02
 1901;3.999992e-01;1.520000e-02
 1902;4.099992e-01;1.440000e-02
 1903;4.199992e-01;1.360000e-02
 1904;4.299992e-01;1.480000e-02
 1905;4.399992e-01;1.560000e-02
 1906;4.499992e-01;1.480000e-02
 1907;4.599992e-01;1.560000e-02
 1908;4.699992e-01;1.520000e-02
 1909;4.799992e-01;1.520000e-02
 1910;4.899992e-01;1.520000e-02
 1911;4.999992e-01;1.520000e-02
 1912;5.099992e-01;1.440000e-02
 1913;5.199992e-01;1.440000e-02
 1914;5.299992e-01;1.560000e-02
 1915;5.399992e-01;1.520000e-02
 1916;5.499992e-01;1.440000e-02
 1917;5.599992e-01;1.400000e-02
 1918;5.699992e-01;1.520000e-02
 1919;5.799992e-01;1.480000e-02
 1920;5.899992e-01;1.480000e-02
 1921;5.999992e-01;1.440000e-02
 1922;6.099992e-01;1.440000e-02
 1923;6.199992e-01;1.400000e-02
 1924;6.299992e-01;1.360000e-02
 1925;6.399992e-01;1.480000e-02
 1926;6.499992e-01;1.520000e-02
 1927;6.599992e-01;1.520000e-02
 1928;6.699992e-01;1.480000e-02
 1929;6.799992e-01;1.600000e-02
 1930;6.899992e-01;1.440000e-02
 1931;6.999992e-01;1.240000e-02
 1932;7.099992e-01;1.480000e-02
 1933;7.199992e-01;1.520000e-02
 1934;7.299992e-01;1.520000e-02
 1935;7.399992e-01;1.520000e-02
 1936;7.499992e-01;1.480000e-02
 1937;7.599992e-01;1.480000e-02
 1938;7.699992e-01;1.480000e-02
 1939;7.799992e-01;1.440000e-02
 1940;7.899992e-01;1.520000e-02
 1941;7.999992e-01;1.480000e-02
 1942;8.099992e-01;1.680000e-02
 1943;8.199992e-01;1.520000e-02
 1944;8.299992e-01;1.520000e-02
 1945;8.399992e-01;1.440000e-02
 1946;8.499992e-01;1.600000e-02
 1947;8.599992e-01;1.560000e-02
 1948;8.699992e-01;1.480000e-02
 1949;8.799992e-01;1.560000e-02
 1950;8.899992e-01;1.440000e-02
 1951;8.999992e-01;1.480000e-02
 1952;9.099992e-01;1.560000e-02
 1953;9.199992e-01;1.600000e-02
 1954;9.299992e-01;1.600000e-02
 1955;9.399992e-01;1.520000e-02
 1956;9.499992e-01;1.560000e-02
 1957;9.599992e-01;1.520000e-02
 1958;9.699992e-01;1.440000e-02
 1959;9.799992e-01;1.360000e-02
 1960;9.899992e-01;1.520000e-02
 1961;9.999992e-01;1.400000e-02
 1962;1.009999e+00;1.560000e-02
 1963;1.019999e+00;1.440000e-02
 1964;1.029999e+00;1.600000e-02
 1965;1.039999e+00;1.480000e-02
 1966;1.049999e+00;1.560000e-02
 1967;1.059999e+00;1.480000e-02
 1968;1.069999e+00;1.640000e-02
 1969;1.079999e+00;1.680000e-02
 1970;1.089999e+00;1.640000e-02
 1971;1.099999e+00;1.640000e-02
 1972;1.109999e+00;1.600000e-02
 1973;1.119999e+00;1.600000e-02
 1974;1.129999e+00;1.640000e-02
 1975;1.139999e+00;1.560000e-02
 1976;1.149999e+00;1.560000e-02
 1977;1.159999e+00;1.200000e-02
 1978;1.169999e+00;1.600000e-02
 1979;1.179999e+00;1.600000e-02
 1980;1.189999e+00;1.640000e-02
 1981;1.199999e+00;1.600000e-02
 1982;1.209999e+00;1.680000e-02
 1983;1.219999e+00;1.600000e-02
 1984;1.229999e+00;1.640000e-02
 1985;1.239999e+00;1.440000e-02
 1986;1.249999e+00;1.560000e-02
 1987;1.259999e+00;1.680000e-02
 1988;1.269999e+00;1.600000e-02
 1989;1.279999e+00;1.560000e-02
 1990;1.289999e+00;1.560000e-02
 1991;1.299999e+00;1.600000e-02
 1992;1.309999e+00;1.520000e-02
 1993;1.319999e+00;1.520000e-02
 1994;1.329999e+00;1.600000e-02
 1995;1.339999e+00;1.520000e-02
 1996;1.349999e+00;1.600000e-02
 1997;1.359999e+00;1.560000e-02
 1998;1.369999e+00;1.440000e-02
 1999;1.379999e+00;1.520000e-02
 2000;1.389999e+00;1.600000e-02
 2001;1.399999e+00;1.560000e-02
 2002;1.409999e+00;1.400000e-02
 2003;1.419999e+00;1.480000e-02
 2004;1.429999e+00;1.560000e-02
 2005;1.439999e+00;1.560000e-02
 2006;1.449999e+00;1.680000e-02
 2007;1.459999e+00;1.560000e-02
 2008;1.469999e+00;1.560000e-02
 2009;1.479999e+00;1.600000e-02
 2010;1.489999e+00;1.800000e-02
 2011;1.499999e+00;1.520000e-02
 2012;1.509999e+00;1.520000e-02
 2013;1.519999e+00;1.600000e-02
 2014;1.529999e+00;1.320000e-02
 2015;1.539999e+00;1.600000e-02
 2016;1.549999e+00;1.560000e-02
 2017;1.559999e+00;1.640000e-02
 2018;1.569999e+00;1.320000e-02
 2019;1.579999e+00;1.560000e-02
 2020;1.589999e+00;1.560000e-02
 2021;1.599999e+00;1.520000e-02
 2022;1.609999e+00;1.640000e-02
 2023;1.619999e+00;1.480000e-02
 2024;1.629999e+00;1.440000e-02
 2025;1.639999e+00;1.680000e-02
 2026;1.649999e+00;1.440000e-02
 2027;1.659999e+00;1.520000e-02
 2028;1.669999e+00;1.520000e-02
 2029;1.679999e+00;1.680000e-02
 2030;1.689999e+00;1.600000e-02
 2031;1.699999e+00;1.720000e-02
 2032;1.709999e+00;1.520000e-02
 2033;1.719999e+00;1.640000e-02
 2034;1.729999e+00;1.440000e-02
 2035;1.739999e+00;1.400000e-02
 2036;1.749999e+00;1.480000e-02
 2037;1.759999e+00;1.560000e-02
 2038;1.769999e+00;1.440000e-02
 2039;1.779999e+00;1.560000e-02
 2040;1.789999e+00;1.640000e-02
 2041;1.799999e+00;1.640000e-02
 2042;1.809999e+00;1.600000e-02
 2043;1.819999e+00;1.600000e-02
 2044;1.829999e+00;1.560000e-02
 2045;1.839999e+00;1.440000e-02
 2046;1.849999e+00;1.720000e-02
 2047;1.859999e+00;1.520000e-02
 2048;1.869999e+00;1.600000e-02
 2049;1.879999e+00;1.560000e-02
 2050;1.889999e+00;1.600000e-02
 2051;1.899999e+00;1.520000e-02
 2052;1.909999e+00;1.520000e-02
 2053;1.919999e+00;1.560000e-02
 2054;1.929999e+00;1.640000e-02
 2055;1.939999e+00;1.560000e-02
 2056;1.949999e+00;1.560000e-02
 2057;1.959999e+00;1.600000e-02
 2058;1.969999e+00;1.440000e-02
 2059;1.979999e+00;1.600000e-02
 2060;1.989999e+00;1.720000e-02
 2061;1.999999e+00;1.680000e-02
 2062;2.009999e+00;1.480000e-02
 2063;2.019999e+00;1.560000e-02
 2064;2.029999e+00;1.560000e-02
 2065;2.039999e+00;1.640000e-02
 2066;2.049999e+00;1.640000e-02
 2067;2.059999e+00;1.560000e-02
 2068;2.069999e+00;1.640000e-02
 2069;2.079999e+00;1.600000e-02
 2070;2.089999e+00;1.520000e-02
 2071;2.099999e+00;1.440000e-02
 2072;2.109999e+00;1.560000e-02
 2073;2.119999e+00;1.560000e-02
 2074;2.129999e+00;1.520000e-02
 2075;2.139999e+00;1.560000e-02
 2076;2.149999e+00;1.640000e-02
 2077;2.159999e+00;1.560000e-02
 2078;2.169999e+00;1.520000e-02
 2079;2.179999e+00;1.600000e-02
 2080;2.189999e+00;1.640000e-02
 2081;2.199999e+00;1.600000e-02
 2082;2.209999e+00;1.560000e-02
 2083;2.219999e+00;1.560000e-02
 2084;2.229999e+00;1.560000e-02
 2085;2.239999e+00;1.560000e-02
 2086;2.249999e+00;1.520000e-02
 2087;2.259999e+00;1.640000e-02
 2088;2.269999e+00;1.600000e-02
 2089;2.279999e+00;1.560000e-02
 2090;2.289999e+00;1.520000e-02
 2091;2.299999e+00;1.680000e-02
 2092;2.309999e+00;1.600000e-02
 2093;2.319999e+00;1.480000e-02
 2094;2.329999e+00;1.720000e-02
 2095;2.339999e+00;1.480000e-02
 2096;2.349999e+00;1.640000e-02
 2097;2.359999e+00;1.680000e-02
 2098;2.369999e+00;1.560000e-02
 2099;2.379999e+00;1.520000e-02
 2100;2.389999e+00;1.600000e-02
 2101;2.399999e+00;1.600000e-02
 2102;2.409999e+00;1.600000e-02
 2103;2.419999e+00;1.560000e-02
 2104;2.429999e+00;1.520000e-02
 2105;2.439999e+00;1.560000e-02
 2106;2.449999e+00;1.680000e-02
 2107;2.459999e+00;1.560000e-02
 2108;2.469999e+00;1.480000e-02
 2109;2.479999e+00;1.680000e-02
 2110;2.489999e+00;1.480000e-02
 2111;2.499999e+00;1.560000e-02
 2112;2.509999e+00;1.600000e-02
 2113;2.519999e+00;1.520000e-02
 2114;2.529999e+00;1.560000e-02
 2115;2.539999e+00;1.520000e-02
 2116;2.549999e+00;1.560000e-02
 2117;2.559999e+00;1.680000e-02
 2118;2.569999e+00;1.480000e-02
 2119;2.579999e+00;1.680000e-02
 2120;2.589999e+00;1.720000e-02
 2121;2.599999e+00;1.600000e-02
 2122;2.609999e+00;1.560000e-02
 2123;2.619999e+00;1.560000e-02
 2124;2.629999e+00;1.560000e-02
 2125;2.639999e+00;1.640000e-02
 2126;2.649999e+00;1.600000e-02
 2127;2.659999e+00;1.520000e-02
 2128;2.669999e+00;1.680000e-02
 2129;2.679999e+00;1.600000e-02
 2130;2.689999e+00;1.600000e-02
 2131;2.699999e+00;1.560000e-02
 2132;2.709999e+00;1.520000e-02
 2133;2.719999e+00;1.600000e-02
 2134;2.729999e+00;1.680000e-02
 2135;2.739999e+00;1.560000e-02
 2136;2.749999e+00;1.480000e-02
 2137;2.759999e+00;1.680000e-02
 2138;2.769999e+00;1.640000e-02
 2139;2.779999e+00;1.760000e-02
 2140;2.789999e+00;1.560000e-02
 2141;2.799999e+00;1.640000e-02
 2142;2.809999e+00;1.640000e-02
 2143;2.819999e+00;1.480000e-02
 2144;2.829999e+00;1.640000e-02
 2145;2.839999e+00;1.520000e-02
 2146;2.849999e+00;1.520000e-02
 2147;2.859999e+00;1.560000e-02
 2148;2.869999e+00;1.800000e-02
 2149;2.879999e+00;1.520000e-02
 2150;2.889999e+00;1.440000e-02
 2151;2.899999e+00;1.520000e-02
 2152;2.909999e+00;1.480000e-02
 2153;2.919999e+00;1.880000e-02
 2154;2.929999e+00;1.640000e-02
 2155;2.939999e+00;1.560000e-02
 2156;2.949999e+00;1.600000e-02
 2157;2.959999e+00;1.640000e-02
 2158;2.969999e+00;1.560000e-02
 2159;2.979999e+00;1.520000e-02
 2160;2.989999e+00;1.400000e-02
 2161;2.999999e+00;1.440000e-02
 2162;3.009999e+00;1.640000e-02
 2163;3.019999e+00;1.480000e-02
 2164;3.029999e+00;1.560000e-02
 2165;3.039999e+00;1.600000e-02
 2166;3.049999e+00;1.520000e-02
 2167;3.059999e+00;1.680000e-02
 2168;3.069999e+00;1.720000e-02
 2169;3.079999e+00;1.560000e-02
 2170;3.089999e+00;1.640000e-02
 2171;3.099999e+00;1.560000e-02
 2172;3.109999e+00;1.520000e-02
 2173;3.119999e+00;1.520000e-02
 2174;3.129999e+00;1.440000e-02
 2175;3.139999e+00;1.600000e-02
 2176;3.149999e+00;1.560000e-02
 2177;3.159999e+00;1.560000e-02
 2178;3.169999e+00;1.280000e-02
 2179;3.179999e+00;1.520000e-02
 2180;3.189999e+00;1.560000e-02
 2181;3.199999e+00;1.560000e-02
 2182;3.209999e+00;1.520000e-02
 2183;3.219999e+00;1.480000e-02
 2184;3.229999e+00;1.440000e-02
 2185;3.239999e+00;1.600000e-02
 2186;3.249999e+00;1.600000e-02
 2187;3.259999e+00;1.480000e-02
 2188;3.269999e+00;1.600000e-02
 2189;3.279999e+00;1.600000e-02
 2190;3.289999e+00;1.520000e-02
 2191;3.299999e+00;1.560000e-02
 2192;3.309999e+00;1.600000e-02
 2193;3.319999e+00;1.560000e-02
 2194;3.329999e+00;1.520000e-02
 2195;3.339999e+00;1.480000e-02
 2196;3.349999e+00;1.640000e-02
 2197;3.359999e+00;1.600000e-02
 2198;3.369999e+00;1.560000e-02
 2199;3.379999e+00;1.480000e-02
 2200;3.389999e+00;1.560000e-02
 2201;3.399999e+00;1.600000e-02
 2202;3.409999e+00;1.520000e-02
 2203;3.419999e+00;1.520000e-02
 2204;3.429999e+00;1.640000e-02
 2205;3.439999e+00;1.560000e-02
 2206;3.449999e+00;1.520000e-02
 2207;3.459999e+00;1.640000e-02
 2208;3.469999e+00;1.480000e-02
 2209;3.479999e+00;1.520000e-02
 2210;3.489999e+00;1.440000e-02
 2211;3.499999e+00;1.480000e-02
 2212;3.509999e+00;1.600000e-02
 2213;3.519999e+00;1.600000e-02
 2214;3.529999e+00;1.560000e-02
 2215;3.539999e+00;1.600000e-02
 2216;3.549999e+00;1.640000e-02
 2217;3.559999e+00;1.320000e-02
 2218;3.569999e+00;1.720000e-02
 2219;3.579999e+00;1.400000e-02
 2220;3.589999e+00;1.560000e-02
 2221;3.599999e+00;1.640000e-02
 2222;3.609999e+00;1.440000e-02
 2223;3.619999e+00;1.480000e-02
 2224;3.629999e+00;1.480000e-02
 2225;3.639999e+00;1.520000e-02
 2226;3.649999e+00;1.560000e-02
 2227;3.659999e+00;1.400000e-02
 2228;3.669999e+00;1.480000e-02
 2229;3.679999e+00;1.440000e-02
 2230;3.689999e+00;1.520000e-02
 2231;3.699999e+00;1.360000e-02
 2232;3.709999e+00;1.520000e-02
 2233;3.719999e+00;1.480000e-02
 2234;3.729999e+00;1.560000e-02
 2235;3.739999e+00;1.680000e-02
 2236;3.749999e+00;1.560000e-02
 2237;3.759999e+00;1.440000e-02
 2238;3.769999e+00;1.600000e-02
 2239;3.779999e+00;1.600000e-02
 2240;3.789999e+00;1.560000e-02
 2241;3.799999e+00;1.560000e-02
 2242;3.809999e+00;1.480000e-02
 2243;3.819999e+00;1.520000e-02
 2244;3.829999e+00;1.560000e-02
 2245;3.839999e+00;1.480000e-02
 2246;3.849999e+00;1.520000e-02
 2247;3.859999e+00;1.520000e-02
 2248;3.869999e+00;1.440000e-02
 2249;3.879999e+00;1.480000e-02
 2250;3.889999e+00;1.600000e-02
 2251;3.899999e+00;1.560000e-02
 2252;3.909999e+00;1.680000e-02
 2253;3.919999e+00;1.560000e-02
 2254;3.929999e+00;1.560000e-02
 2255;3.939999e+00;1.560000e-02
 2256;3.949999e+00;1.280000e-02
 2257;3.959999e+00;1.520000e-02
 2258;3.969999e+00;1.480000e-02
 2259;3.979999e+00;1.520000e-02
 2260;3.989999e+00;1.440000e-02
 2261;3.999999e+00;1.760000e-02
 2262;4.009999e+00;1.480000e-02
 2263;4.019999e+00;1.520000e-02
 2264;4.029999e+00;1.440000e-02
 2265;4.039999e+00;1.520000e-02
 2266;4.049999e+00;1.400000e-02
 2267;4.059999e+00;1.520000e-02
 2268;4.069999e+00;1.560000e-02
 2269;4.079999e+00;1.520000e-02
 2270;4.089999e+00;1.560000e-02
 2271;4.099999e+00;1.560000e-02
 2272;4.109999e+00;1.760000e-02
 2273;4.119999e+00;1.640000e-02
 2274;4.129999e+00;1.560000e-02
 2275;4.139999e+00;1.680000e-02
 2276;4.149999e+00;1.440000e-02
 2277;4.159999e+00;1.280000e-02
 2278;4.169999e+00;1.480000e-02
 2279;4.179999e+00;1.600000e-02
 2280;4.189999e+00;1.560000e-02
 2281;4.199999e+00;1.560000e-02
 2282;4.209999e+00;1.560000e-02
 2283;4.219999e+00;1.520000e-02
 2284;4.229999e+00;1.400000e-02
 2285;4.239999e+00;1.520000e-02
 2286;4.249999e+00;1.480000e-02
 2287;4.259999e+00;1.400000e-02
 2288;4.269999e+00;1.520000e-02
 2289;4.279999e+00;1.440000e-02
 2290;4.289999e+00;1.600000e-02
 2291;4.299999e+00;1.640000e-02
 2292;4.309999e+00;1.520000e-02
 2293;4.319999e+00;1.600000e-02
 2294;4.329999e+00;1.480000e-02
 2295;4.339999e+00;1.560000e-02
 2296;4.349999e+00;1.440000e-02
 2297;4.359999e+00;1.400000e-02
 2298;4.369999e+00;1.320000e-02
 2299;4.379999e+00;1.560000e-02
 2300;4.389999e+00;1.640000e-02
 2301;4.399999e+00;1.480000e-02
 2302;4.409999e+00;1.520000e-02
 2303;4.419999e+00;1.600000e-02
 2304;4.429999e+00;1.480000e-02
 2305;4.439999e+00;1.640000e-02
 2306;4.449999e+00;1.440000e-02
 2307;4.459999e+00;1.560000e-02
 2308;4.469999e+00;1.360000e-02
 2309;4.479999e+00;1.520000e-02
 2310;4.489999e+00;1.560000e-02
 2311;4.499999e+00;1.440000e-02
 2312;4.509999e+00;1.520000e-02
 2313;4.519999e+00;1.480000e-02
 2314;4.529999e+00;1.520000e-02
 2315;4.539999e+00;1.600000e-02
 2316;4.549999e+00;1.560000e-02
 2317;4.559999e+00;1.440000e-02
 2318;4.569999e+00;1.640000e-02
 2319;4.579999e+00;1.640000e-02
 2320;4.589999e+00;1.600000e-02
 2321;4.599999e+00;1.640000e-02
 2322;4.609999e+00;1.600000e-02
 2323;4.619999e+00;1.480000e-02
 2324;4.629999e+00;1.400000e-02
 2325;4.639999e+00;1.600000e-02
 2326;4.649999e+00;1.440000e-02
 2327;4.659999e+00;1.440000e-02
 2328;4.669999e+00;1.480000e-02
 2329;4.679999e+00;1.640000e-02
 2330;4.689999e+00;1.440000e-02
 2331;4.699999e+00;1.480000e-02
 2332;4.709999e+00;1.600000e-02
 2333;4.719999e+00;1.520000e-02
 2334;4.729999e+00;1.440000e-02
 2335;4.739999e+00;1.520000e-02
 2336;4.749999e+00;1.480000e-02
 2337;4.759999e+00;1.560000e-02
 2338;4.769999e+00;1.600000e-02
 2339;4.779999e+00;1.600000e-02
 2340;4.789999e+00;1.520000e-02
 2341;4.799999e+00;1.560000e-02
 2342;4.809999e+00;1.480000e-02
 2343;4.819999e+00;1.520000e-02
 2344;4.829999e+00;1.560000e-02
 2345;4.839999e+00;1.640000e-02
 2346;4.849999e+00;1.600000e-02
 2347;4.859999e+00;1.320000e-02
 2348;4.869999e+00;1.560000e-02
 2349;4.879999e+00;1.480000e-02
 2350;4.889999e+00;1.640000e-02
 2351;4.899999e+00;1.640000e-02
 2352;4.909999e+00;1.600000e-02
 2353;4.919999e+00;1.440000e-02
 2354;4.929999e+00;1.520000e-02
 2355;4.939999e+00;1.520000e-02
 2356;4.949999e+00;1.400000e-02
 2357;4.959999e+00;1.560000e-02
 2358;4.969999e+00;1.760000e-02
 2359;4.979999e+00;1.680000e-02
 2360;4.989999e+00;1.520000e-02
 2361;4.999999e+00;1.440000e-02
 2362;5.009999e+00;1.520000e-02
 2363;5.019999e+00;1.560000e-02
 2364;5.029999e+00;1.600000e-02
 2365;5.039999e+00;1.640000e-02
 2366;5.049999e+00;1.520000e-02
 2367;5.059999e+00;1.480000e-02
 2368;5.069999e+00;1.480000e-02
 2369;5.079999e+00;1.360000e-02
 2370;5.089999e+00;1.560000e-02
 2371;5.099999e+00;1.320000e-02
 2372;5.109999e+00;1.480000e-02
 2373;5.119999e+00;1.440000e-02
 2374;5.129999e+00;1.480000e-02
 2375;5.139999e+00;1.520000e-02
 2376;5.149999e+00;1.560000e-02
 2377;5.159999e+00;1.560000e-02
 2378;5.169999e+00;1.560000e-02
 2379;5.179999e+00;1.440000e-02
 2380;5.189999e+00;1.560000e-02
 2381;5.199999e+00;1.560000e-02
 2382;5.209999e+00;1.560000e-02
 2383;5.219999e+00;1.400000e-02
 2384;5.229999e+00;1.480000e-02
 2385;5.239999e+00;1.360000e-02
 2386;5.249999e+00;1.480000e-02
 2387;5.259999e+00;1.480000e-02
 2388;5.269999e+00;1.560000e-02
 2389;5.279999e+00;1.560000e-02
 2390;5.289999e+00;1.680000e-02
 2391;5.299999e+00;1.600000e-02
 2392;5.309999e+00;1.640000e-02
 2393;5.319999e+00;1.560000e-02
 2394;5.329999e+00;1.480000e-02
 2395;5.339999e+00;1.600000e-02
 2396;5.349999e+00;1.560000e-02
 2397;5.359999e+00;1.640000e-02
 2398;5.369999e+00;1.400000e-02
 2399;5.379999e+00;1.520000e-02
 2400;5.389999e+00;1.560000e-02
 2401;5.399999e+00;1.600000e-02
 2402;5.409999e+00;1.520000e-02
 2403;5.419999e+00;1.520000e-02
 2404;5.429999e+00;1.560000e-02
 2405;5.439999e+00;1.720000e-02
 2406;5.449999e+00;1.440000e-02
 2407;5.459999e+00;1.520000e-02
 2408;5.469999e+00;1.520000e-02
 2409;5.479999e+00;1.640000e-02
 2410;5.489999e+00;1.520000e-02
 2411;5.499999e+00;1.400000e-02
 2412;5.509999e+00;1.480000e-02
 2413;5.519999e+00;1.440000e-02
 2414;5.529999e+00;1.440000e-02
 2415;5.539999e+00;1.520000e-02
 2416;5.549999e+00;1.520000e-02
 2417;5.559999e+00;1.560000e-02
 2418;5.569999e+00;1.520000e-02
 2419;5.579999e+00;1.520000e-02
 2420;5.589999e+00;1.560000e-02
 2421;5.599999e+00;1.440000e-02
 2422;5.609999e+00;1.600000e-02
 2423;5.619999e+00;1.640000e-02
 2424;5.629999e+00;1.520000e-02
 2425;5.639999e+00;1.520000e-02
 2426;5.649999e+00;1.440000e-02
 2427;5.659999e+00;1.520000e-02
 2428;5.669999e+00;1.560000e-02
 2429;5.679999e+00;1.440000e-02
 2430;5.689999e+00;1.480000e-02
 2431;5.699999e+00;1.520000e-02
 2432;5.709999e+00;1.600000e-02
 2433;5.719999e+00;1.520000e-02
 2434;5.729999e+00;1.520000e-02
 2435;5.739999e+00;1.640000e-02
 2436;5.749999e+00;1.480000e-02
 2437;5.759999e+00;1.480000e-02
 2438;5.769999e+00;1.560000e-02
 2439;5.779999e+00;1.640000e-02
 2440;5.789999e+00;1.720000e-02
 2441;5.799999e+00;1.760000e-02
 2442;5.809999e+00;1.680000e-02
 2443;5.819999e+00;1.440000e-02
 2444;5.829999e+00;1.480000e-02
 2445;5.839999e+00;1.480000e-02
 2446;5.849999e+00;1.520000e-02
 2447;5.859999e+00;1.480000e-02
 2448;5.869999e+00;1.600000e-02
 2449;5.879999e+00;1.680000e-02
 2450;5.889999e+00;1.600000e-02
 2451;5.899999e+00;1.520000e-02
 2452;5.909999e+00;1.640000e-02
 2453;5.919999e+00;1.560000e-02
 2454;5.929999e+00;1.640000e-02
 2455;5.939999e+00;1.640000e-02
 2456;5.949999e+00;1.680000e-02
 2457;5.959999e+00;1.560000e-02
 2458;5.969999e+00;1.600000e-02
 2459;5.979999e+00;1.520000e-02
 2460;5.989999e+00;1.480000e-02
 2461;5.999999e+00;1.560000e-02
 2462;6.009999e+00;1.840000e-02
 2463;6.019999e+00;1.520000e-02
 2464;6.029999e+00;1.520000e-02
 2465;6.039999e+00;1.480000e-02
 2466;6.049999e+00;1.640000e-02
 2467;6.059999e+00;1.600000e-02
 2468;6.069999e+00;1.520000e-02
 2469;6.079999e+00;1.400000e-02
 2470;6.089999e+00;1.680000e-02
 2471;6.099999e+00;1.520000e-02
 2472;6.109999e+00;1.640000e-02
 2473;6.119999e+00;1.680000e-02
 2474;6.129999e+00;1.480000e-02
 2475;6.139999e+00;1.560000e-02
 2476;6.149999e+00;1.320000e-02
 2477;6.159999e+00;1.400000e-02
 2478;6.169999e+00;1.680000e-02
 2479;6.179999e+00;1.520000e-02
 2480;6.189999e+00;1.520000e-02
 2481;6.199999e+00;1.480000e-02
 2482;6.209999e+00;1.640000e-02
 2483;6.219999e+00;1.480000e-02
 2484;6.229999e+00;1.400000e-02
 2485;6.239999e+00;1.520000e-02
 2486;6.249999e+00;1.640000e-02
 2487;6.259999e+00;1.440000e-02
 2488;6.269999e+00;1.160000e-02
 2489;6.279999e+00;1.400000e-02
 2490;6.289999e+00;1.560000e-02
 2491;6.299999e+00;1.680000e-02
 2492;6.309999e+00;1.640000e-02
 2493;6.319999e+00;1.560000e-02
 2494;6.329999e+00;1.640000e-02
 2495;6.339999e+00;1.400000e-02
 2496;6.349999e+00;1.600000e-02
 2497;6.359999e+00;1.480000e-02
 2498;6.369999e+00;1.640000e-02
 2499;6.379999e+00;1.680000e-02
 2500;6.389999e+00;1.600000e-02
