Record:;0
YOffset:;-1.180000e+02
YMult:;4.000000e-04
YZero:;0.000000e+00
XIncr:;4.000000e-03
XZero:;-3.680000e+00
XUnit:;s
YUnit:;Volts
    1;-3.680000e+00;1.240000e-02
    2;-3.676000e+00;1.240000e-02
    3;-3.672000e+00;1.200000e-02
    4;-3.668000e+00;1.360000e-02
    5;-3.664000e+00;1.240000e-02
    6;-3.660000e+00;1.160000e-02
    7;-3.656000e+00;1.280000e-02
    8;-3.652000e+00;1.160000e-02
    9;-3.648000e+00;1.280000e-02
   10;-3.644000e+00;1.280000e-02
   11;-3.640000e+00;1.200000e-02
   12;-3.636000e+00;1.320000e-02
   13;-3.632000e+00;1.360000e-02
   14;-3.628000e+00;1.240000e-02
   15;-3.624000e+00;1.280000e-02
   16;-3.620000e+00;1.240000e-02
   17;-3.616000e+00;1.200000e-02
   18;-3.612000e+00;1.120000e-02
   19;-3.608000e+00;1.440000e-02
   20;-3.604000e+00;1.320000e-02
   21;-3.600000e+00;1.280000e-02
   22;-3.596000e+00;1.200000e-02
   23;-3.592000e+00;1.280000e-02
   24;-3.588000e+00;1.400000e-02
   25;-3.584000e+00;1.240000e-02
   26;-3.580000e+00;1.200000e-02
   27;-3.576000e+00;1.400000e-02
   28;-3.572000e+00;1.240000e-02
   29;-3.568000e+00;1.480000e-02
   30;-3.564000e+00;1.440000e-02
   31;-3.560000e+00;1.280000e-02
   32;-3.556000e+00;1.400000e-02
   33;-3.552000e+00;1.200000e-02
   34;-3.548000e+00;1.480000e-02
   35;-3.544000e+00;1.320000e-02
   36;-3.540000e+00;1.320000e-02
   37;-3.536000e+00;1.240000e-02
   38;-3.532000e+00;1.400000e-02
   39;-3.528000e+00;1.480000e-02
   40;-3.524000e+00;1.200000e-02
   41;-3.520000e+00;1.280000e-02
   42;-3.516000e+00;1.400000e-02
   43;-3.512000e+00;1.320000e-02
   44;-3.508000e+00;1.360000e-02
   45;-3.504000e+00;1.320000e-02
   46;-3.500000e+00;1.280000e-02
   47;-3.496000e+00;1.360000e-02
   48;-3.492000e+00;1.240000e-02
   49;-3.488000e+00;1.480000e-02
   50;-3.484000e+00;1.200000e-02
   51;-3.480000e+00;1.520000e-02
   52;-3.476000e+00;1.320000e-02
   53;-3.472000e+00;1.240000e-02
   54;-3.468000e+00;1.400000e-02
   55;-3.464000e+00;1.240000e-02
   56;-3.460000e+00;1.200000e-02
   57;-3.456000e+00;1.360000e-02
   58;-3.452000e+00;1.240000e-02
   59;-3.448000e+00;1.440000e-02
   60;-3.444000e+00;1.360000e-02
   61;-3.440000e+00;1.320000e-02
   62;-3.436000e+00;1.400000e-02
   63;-3.432000e+00;1.200000e-02
   64;-3.428000e+00;1.280000e-02
   65;-3.424000e+00;1.200000e-02
   66;-3.420000e+00;1.320000e-02
   67;-3.416000e+00;1.440000e-02
   68;-3.412000e+00;1.240000e-02
   69;-3.408000e+00;1.440000e-02
   70;-3.404000e+00;1.400000e-02
   71;-3.400000e+00;1.320000e-02
   72;-3.396000e+00;1.160000e-02
   73;-3.392000e+00;1.320000e-02
   74;-3.388000e+00;1.200000e-02
   75;-3.384000e+00;1.280000e-02
   76;-3.380000e+00;1.320000e-02
   77;-3.376000e+00;1.920000e-02
   78;-3.372000e+00;1.160000e-02
   79;-3.368000e+00;1.360000e-02
   80;-3.364000e+00;1.240000e-02
   81;-3.360000e+00;1.240000e-02
   82;-3.356000e+00;1.360000e-02
   83;-3.352000e+00;1.240000e-02
   84;-3.348000e+00;1.400000e-02
   85;-3.344000e+00;1.320000e-02
   86;-3.340000e+00;1.160000e-02
   87;-3.336000e+00;1.240000e-02
   88;-3.332000e+00;1.320000e-02
   89;-3.328000e+00;1.040000e-02
   90;-3.324000e+00;1.240000e-02
   91;-3.320000e+00;1.280000e-02
   92;-3.316000e+00;1.320000e-02
   93;-3.312000e+00;1.240000e-02
   94;-3.308000e+00;1.360000e-02
   95;-3.304000e+00;1.320000e-02
   96;-3.300000e+00;1.280000e-02
   97;-3.296000e+00;1.360000e-02
   98;-3.292000e+00;1.400000e-02
   99;-3.288000e+00;1.360000e-02
  100;-3.284000e+00;1.320000e-02
  101;-3.280000e+00;1.280000e-02
  102;-3.276000e+00;1.480000e-02
  103;-3.272000e+00;9.200000e-03
  104;-3.268000e+00;1.280000e-02
  105;-3.264000e+00;1.240000e-02
  106;-3.260000e+00;1.440000e-02
  107;-3.256000e+00;1.360000e-02
  108;-3.252000e+00;1.240000e-02
  109;-3.248000e+00;1.320000e-02
  110;-3.244000e+00;1.240000e-02
  111;-3.240000e+00;1.600000e-02
  112;-3.236000e+00;1.360000e-02
  113;-3.232000e+00;1.200000e-02
  114;-3.228000e+00;1.360000e-02
  115;-3.224000e+00;1.280000e-02
  116;-3.220000e+00;1.240000e-02
  117;-3.216000e+00;1.240000e-02
  118;-3.212000e+00;1.280000e-02
  119;-3.208000e+00;1.320000e-02
  120;-3.204000e+00;1.200000e-02
  121;-3.200000e+00;1.360000e-02
  122;-3.196000e+00;1.320000e-02
  123;-3.192000e+00;1.080000e-02
  124;-3.188000e+00;1.400000e-02
  125;-3.184000e+00;1.160000e-02
  126;-3.180000e+00;1.240000e-02
  127;-3.176000e+00;1.320000e-02
  128;-3.172000e+00;1.320000e-02
  129;-3.168000e+00;1.320000e-02
  130;-3.164000e+00;1.240000e-02
  131;-3.160000e+00;1.280000e-02
  132;-3.156000e+00;1.280000e-02
  133;-3.152000e+00;1.160000e-02
  134;-3.148000e+00;1.480000e-02
  135;-3.144000e+00;1.200000e-02
  136;-3.140000e+00;1.360000e-02
  137;-3.136000e+00;1.240000e-02
  138;-3.132000e+00;1.200000e-02
  139;-3.128000e+00;1.360000e-02
  140;-3.124000e+00;1.280000e-02
  141;-3.120000e+00;1.440000e-02
  142;-3.116000e+00;1.360000e-02
  143;-3.112000e+00;1.160000e-02
  144;-3.108000e+00;1.400000e-02
  145;-3.104000e+00;1.320000e-02
  146;-3.100000e+00;1.280000e-02
  147;-3.096000e+00;1.240000e-02
  148;-3.092000e+00;1.200000e-02
  149;-3.088000e+00;1.360000e-02
  150;-3.084000e+00;1.280000e-02
  151;-3.080000e+00;1.360000e-02
  152;-3.076000e+00;1.320000e-02
  153;-3.072000e+00;1.360000e-02
  154;-3.068000e+00;1.320000e-02
  155;-3.064000e+00;1.240000e-02
  156;-3.060000e+00;1.280000e-02
  157;-3.056000e+00;1.000000e-02
  158;-3.052000e+00;1.240000e-02
  159;-3.048000e+00;1.480000e-02
  160;-3.044000e+00;1.360000e-02
  161;-3.040000e+00;1.320000e-02
  162;-3.036000e+00;1.400000e-02
  163;-3.032000e+00;1.320000e-02
  164;-3.028000e+00;1.440000e-02
  165;-3.024000e+00;1.280000e-02
  166;-3.020000e+00;1.400000e-02
  167;-3.016000e+00;1.400000e-02
  168;-3.012000e+00;1.360000e-02
  169;-3.008000e+00;1.320000e-02
  170;-3.004000e+00;1.320000e-02
  171;-3.000000e+00;1.280000e-02
  172;-2.996000e+00;1.240000e-02
  173;-2.992000e+00;1.240000e-02
  174;-2.988000e+00;1.360000e-02
  175;-2.984000e+00;1.240000e-02
  176;-2.980000e+00;1.480000e-02
  177;-2.976000e+00;1.280000e-02
  178;-2.972000e+00;1.120000e-02
  179;-2.968000e+00;1.400000e-02
  180;-2.964000e+00;1.240000e-02
  181;-2.960000e+00;1.360000e-02
  182;-2.956000e+00;1.320000e-02
  183;-2.952000e+00;1.200000e-02
  184;-2.948000e+00;1.360000e-02
  185;-2.944000e+00;1.240000e-02
  186;-2.940000e+00;1.320000e-02
  187;-2.936000e+00;1.320000e-02
  188;-2.932000e+00;1.200000e-02
  189;-2.928000e+00;1.400000e-02
  190;-2.924000e+00;1.240000e-02
  191;-2.920000e+00;1.560000e-02
  192;-2.916000e+00;1.440000e-02
  193;-2.912000e+00;1.280000e-02
  194;-2.908000e+00;1.320000e-02
  195;-2.904000e+00;1.400000e-02
  196;-2.900000e+00;1.240000e-02
  197;-2.896000e+00;1.360000e-02
  198;-2.892000e+00;1.600000e-02
  199;-2.888000e+00;1.440000e-02
  200;-2.884000e+00;1.200000e-02
  201;-2.880000e+00;1.320000e-02
  202;-2.876000e+00;1.200000e-02
  203;-2.872000e+00;1.280000e-02
  204;-2.868000e+00;1.440000e-02
  205;-2.864000e+00;1.200000e-02
  206;-2.860000e+00;1.400000e-02
  207;-2.856000e+00;1.280000e-02
  208;-2.852000e+00;1.200000e-02
  209;-2.848000e+00;1.360000e-02
  210;-2.844000e+00;1.320000e-02
  211;-2.840000e+00;1.360000e-02
  212;-2.836000e+00;1.280000e-02
  213;-2.832000e+00;1.200000e-02
  214;-2.828000e+00;1.440000e-02
  215;-2.824000e+00;1.240000e-02
  216;-2.820000e+00;1.240000e-02
  217;-2.816000e+00;1.320000e-02
  218;-2.812000e+00;1.360000e-02
  219;-2.808000e+00;1.440000e-02
  220;-2.804000e+00;1.360000e-02
  221;-2.800000e+00;1.360000e-02
  222;-2.796000e+00;1.400000e-02
  223;-2.792000e+00;1.280000e-02
  224;-2.788000e+00;1.440000e-02
  225;-2.784000e+00;1.240000e-02
  226;-2.780000e+00;1.440000e-02
  227;-2.776000e+00;1.240000e-02
  228;-2.772000e+00;1.440000e-02
  229;-2.768000e+00;1.280000e-02
  230;-2.764000e+00;1.240000e-02
  231;-2.760000e+00;1.320000e-02
  232;-2.756000e+00;1.320000e-02
  233;-2.752000e+00;1.240000e-02
  234;-2.748000e+00;1.360000e-02
  235;-2.744000e+00;1.280000e-02
  236;-2.740000e+00;1.360000e-02
  237;-2.736000e+00;1.360000e-02
  238;-2.732000e+00;1.400000e-02
  239;-2.728000e+00;1.480000e-02
  240;-2.724000e+00;1.360000e-02
  241;-2.720000e+00;1.440000e-02
  242;-2.716000e+00;1.400000e-02
  243;-2.712000e+00;1.400000e-02
  244;-2.708000e+00;1.400000e-02
  245;-2.704000e+00;1.240000e-02
  246;-2.700000e+00;1.440000e-02
  247;-2.696000e+00;1.320000e-02
  248;-2.692000e+00;1.240000e-02
  249;-2.688000e+00;1.480000e-02
  250;-2.684000e+00;1.240000e-02
  251;-2.680000e+00;1.280000e-02
  252;-2.676000e+00;1.680000e-02
  253;-2.672000e+00;1.360000e-02
  254;-2.668000e+00;1.520000e-02
  255;-2.664000e+00;1.240000e-02
  256;-2.660000e+00;1.400000e-02
  257;-2.656000e+00;1.280000e-02
  258;-2.652000e+00;1.240000e-02
  259;-2.648000e+00;1.440000e-02
  260;-2.644000e+00;1.320000e-02
  261;-2.640000e+00;1.280000e-02
  262;-2.636000e+00;1.400000e-02
  263;-2.632000e+00;1.360000e-02
  264;-2.628000e+00;1.560000e-02
  265;-2.624000e+00;1.280000e-02
  266;-2.620000e+00;1.400000e-02
  267;-2.616000e+00;1.360000e-02
  268;-2.612000e+00;1.320000e-02
  269;-2.608000e+00;1.440000e-02
  270;-2.604000e+00;1.360000e-02
  271;-2.600000e+00;1.400000e-02
  272;-2.596000e+00;1.400000e-02
  273;-2.592000e+00;1.240000e-02
  274;-2.588000e+00;1.560000e-02
  275;-2.584000e+00;1.240000e-02
  276;-2.580000e+00;1.440000e-02
  277;-2.576000e+00;1.400000e-02
  278;-2.572000e+00;1.240000e-02
  279;-2.568000e+00;1.520000e-02
  280;-2.564000e+00;1.200000e-02
  281;-2.560000e+00;1.360000e-02
  282;-2.556000e+00;1.360000e-02
  283;-2.552000e+00;1.280000e-02
  284;-2.548000e+00;1.440000e-02
  285;-2.544000e+00;1.240000e-02
  286;-2.540000e+00;1.320000e-02
  287;-2.536000e+00;1.280000e-02
  288;-2.532000e+00;1.360000e-02
  289;-2.528000e+00;1.440000e-02
  290;-2.524000e+00;1.240000e-02
  291;-2.520000e+00;1.400000e-02
  292;-2.516000e+00;1.200000e-02
  293;-2.512000e+00;1.360000e-02
  294;-2.508000e+00;1.360000e-02
  295;-2.504000e+00;1.320000e-02
  296;-2.500000e+00;1.320000e-02
  297;-2.496000e+00;1.240000e-02
  298;-2.492000e+00;1.240000e-02
  299;-2.488000e+00;1.520000e-02
  300;-2.484000e+00;1.320000e-02
  301;-2.480000e+00;1.360000e-02
  302;-2.476000e+00;1.280000e-02
  303;-2.472000e+00;1.320000e-02
  304;-2.468000e+00;1.440000e-02
  305;-2.464000e+00;1.280000e-02
  306;-2.460000e+00;1.360000e-02
  307;-2.456000e+00;1.440000e-02
  308;-2.452000e+00;1.360000e-02
  309;-2.448000e+00;1.400000e-02
  310;-2.444000e+00;1.240000e-02
  311;-2.440000e+00;1.400000e-02
  312;-2.436000e+00;1.440000e-02
  313;-2.432000e+00;1.160000e-02
  314;-2.428000e+00;1.440000e-02
  315;-2.424000e+00;1.360000e-02
  316;-2.420000e+00;1.440000e-02
  317;-2.416000e+00;1.280000e-02
  318;-2.412000e+00;1.240000e-02
  319;-2.408000e+00;1.320000e-02
  320;-2.404000e+00;1.320000e-02
  321;-2.400000e+00;1.520000e-02
  322;-2.396000e+00;1.320000e-02
  323;-2.392000e+00;1.360000e-02
  324;-2.388000e+00;1.400000e-02
  325;-2.384000e+00;1.400000e-02
  326;-2.380000e+00;1.480000e-02
  327;-2.376000e+00;1.320000e-02
  328;-2.372000e+00;1.360000e-02
  329;-2.368000e+00;1.480000e-02
  330;-2.364000e+00;1.480000e-02
  331;-2.360000e+00;1.400000e-02
  332;-2.356000e+00;1.360000e-02
  333;-2.352000e+00;1.160000e-02
  334;-2.348000e+00;1.440000e-02
  335;-2.344000e+00;1.360000e-02
  336;-2.340000e+00;1.360000e-02
  337;-2.336000e+00;1.280000e-02
  338;-2.332000e+00;1.240000e-02
  339;-2.328000e+00;1.360000e-02
  340;-2.324000e+00;1.320000e-02
  341;-2.320000e+00;1.320000e-02
  342;-2.316000e+00;1.400000e-02
  343;-2.312000e+00;1.240000e-02
  344;-2.308000e+00;1.480000e-02
  345;-2.304000e+00;1.240000e-02
  346;-2.300000e+00;1.360000e-02
  347;-2.296000e+00;1.240000e-02
  348;-2.292000e+00;1.320000e-02
  349;-2.288000e+00;1.520000e-02
  350;-2.284000e+00;1.280000e-02
  351;-2.280000e+00;1.360000e-02
  352;-2.276000e+00;1.360000e-02
  353;-2.272000e+00;1.320000e-02
  354;-2.268000e+00;1.440000e-02
  355;-2.264000e+00;1.320000e-02
  356;-2.260000e+00;1.440000e-02
  357;-2.256000e+00;1.480000e-02
  358;-2.252000e+00;1.280000e-02
  359;-2.248000e+00;1.480000e-02
  360;-2.244000e+00;1.400000e-02
  361;-2.240000e+00;1.400000e-02
  362;-2.236000e+00;1.280000e-02
  363;-2.232000e+00;1.280000e-02
  364;-2.228000e+00;1.440000e-02
  365;-2.224000e+00;1.480000e-02
  366;-2.220000e+00;1.400000e-02
  367;-2.216000e+00;1.400000e-02
  368;-2.212000e+00;1.320000e-02
  369;-2.208000e+00;1.440000e-02
  370;-2.204000e+00;1.360000e-02
  371;-2.200000e+00;1.440000e-02
  372;-2.196000e+00;1.360000e-02
  373;-2.192000e+00;1.160000e-02
  374;-2.188000e+00;1.240000e-02
  375;-2.184000e+00;1.200000e-02
  376;-2.180000e+00;1.400000e-02
  377;-2.176000e+00;1.440000e-02
  378;-2.172000e+00;1.360000e-02
  379;-2.168000e+00;1.520000e-02
  380;-2.164000e+00;1.360000e-02
  381;-2.160000e+00;1.520000e-02
  382;-2.156000e+00;1.400000e-02
  383;-2.152000e+00;1.400000e-02
  384;-2.148000e+00;1.480000e-02
  385;-2.144000e+00;1.320000e-02
  386;-2.140000e+00;1.360000e-02
  387;-2.136000e+00;1.280000e-02
  388;-2.132000e+00;1.240000e-02
  389;-2.128000e+00;1.520000e-02
  390;-2.124000e+00;1.200000e-02
  391;-2.120000e+00;1.440000e-02
  392;-2.116000e+00;1.240000e-02
  393;-2.112000e+00;1.360000e-02
  394;-2.108000e+00;1.480000e-02
  395;-2.104000e+00;1.240000e-02
  396;-2.100000e+00;1.520000e-02
  397;-2.096000e+00;1.360000e-02
  398;-2.092000e+00;1.480000e-02
  399;-2.088000e+00;1.640000e-02
  400;-2.084000e+00;1.480000e-02
  401;-2.080000e+00;1.560000e-02
  402;-2.076000e+00;1.240000e-02
  403;-2.072000e+00;1.440000e-02
  404;-2.068000e+00;1.520000e-02
  405;-2.064000e+00;1.440000e-02
  406;-2.060000e+00;1.440000e-02
  407;-2.056000e+00;1.400000e-02
  408;-2.052000e+00;1.320000e-02
  409;-2.048000e+00;1.480000e-02
  410;-2.044000e+00;1.320000e-02
  411;-2.040000e+00;1.520000e-02
  412;-2.036000e+00;1.320000e-02
  413;-2.032000e+00;1.240000e-02
  414;-2.028000e+00;1.520000e-02
  415;-2.024000e+00;1.400000e-02
  416;-2.020000e+00;1.440000e-02
  417;-2.016000e+00;1.200000e-02
  418;-2.012000e+00;1.360000e-02
  419;-2.008000e+00;1.400000e-02
  420;-2.004000e+00;1.200000e-02
  421;-2.000000e+00;1.520000e-02
  422;-1.996000e+00;1.320000e-02
  423;-1.992000e+00;1.360000e-02
  424;-1.988000e+00;1.560000e-02
  425;-1.984000e+00;1.400000e-02
  426;-1.980000e+00;1.440000e-02
  427;-1.976000e+00;1.440000e-02
  428;-1.972000e+00;1.480000e-02
  429;-1.968000e+00;1.520000e-02
  430;-1.964000e+00;1.600000e-02
  431;-1.960000e+00;1.440000e-02
  432;-1.956000e+00;1.320000e-02
  433;-1.952000e+00;1.480000e-02
  434;-1.948000e+00;1.560000e-02
  435;-1.944000e+00;1.320000e-02
  436;-1.940000e+00;1.440000e-02
  437;-1.936000e+00;1.400000e-02
  438;-1.932000e+00;1.400000e-02
  439;-1.928000e+00;1.520000e-02
  440;-1.924000e+00;1.360000e-02
  441;-1.920000e+00;1.480000e-02
  442;-1.916000e+00;1.240000e-02
  443;-1.912000e+00;1.360000e-02
  444;-1.908000e+00;1.440000e-02
  445;-1.904000e+00;1.320000e-02
  446;-1.900000e+00;1.440000e-02
  447;-1.896000e+00;1.320000e-02
  448;-1.892000e+00;1.320000e-02
  449;-1.888000e+00;1.520000e-02
  450;-1.884000e+00;1.440000e-02
  451;-1.880000e+00;1.400000e-02
  452;-1.876000e+00;1.520000e-02
  453;-1.872000e+00;1.400000e-02
  454;-1.868000e+00;1.480000e-02
  455;-1.864000e+00;1.400000e-02
  456;-1.860000e+00;1.480000e-02
  457;-1.856000e+00;1.520000e-02
  458;-1.852000e+00;1.360000e-02
  459;-1.848000e+00;1.440000e-02
  460;-1.844000e+00;1.480000e-02
  461;-1.840000e+00;1.480000e-02
  462;-1.836000e+00;1.560000e-02
  463;-1.832000e+00;1.320000e-02
  464;-1.828000e+00;1.600000e-02
  465;-1.824000e+00;1.520000e-02
  466;-1.820000e+00;1.480000e-02
  467;-1.816000e+00;1.480000e-02
  468;-1.812000e+00;1.320000e-02
  469;-1.808000e+00;1.480000e-02
  470;-1.804000e+00;1.320000e-02
  471;-1.800000e+00;1.440000e-02
  472;-1.796000e+00;1.520000e-02
  473;-1.792000e+00;1.320000e-02
  474;-1.788000e+00;1.360000e-02
  475;-1.784000e+00;1.400000e-02
  476;-1.780000e+00;1.520000e-02
  477;-1.776000e+00;1.360000e-02
  478;-1.772000e+00;1.360000e-02
  479;-1.768000e+00;1.520000e-02
  480;-1.764000e+00;1.400000e-02
  481;-1.760000e+00;1.680000e-02
  482;-1.756000e+00;1.360000e-02
  483;-1.752000e+00;1.440000e-02
  484;-1.748000e+00;1.520000e-02
  485;-1.744000e+00;1.280000e-02
  486;-1.740000e+00;1.560000e-02
  487;-1.736000e+00;1.280000e-02
  488;-1.732000e+00;1.400000e-02
  489;-1.728000e+00;1.480000e-02
  490;-1.724000e+00;1.360000e-02
  491;-1.720000e+00;1.440000e-02
  492;-1.716000e+00;1.320000e-02
  493;-1.712000e+00;1.560000e-02
  494;-1.708000e+00;1.640000e-02
  495;-1.704000e+00;1.360000e-02
  496;-1.700000e+00;1.560000e-02
  497;-1.696000e+00;1.440000e-02
  498;-1.692000e+00;1.560000e-02
  499;-1.688000e+00;1.720000e-02
  500;-1.684000e+00;1.560000e-02
  501;-1.680000e+00;1.520000e-02
  502;-1.676000e+00;1.480000e-02
  503;-1.672000e+00;1.360000e-02
  504;-1.668000e+00;1.560000e-02
  505;-1.664000e+00;1.360000e-02
  506;-1.660000e+00;1.640000e-02
  507;-1.656000e+00;1.400000e-02
  508;-1.652000e+00;1.480000e-02
  509;-1.648000e+00;1.520000e-02
  510;-1.644000e+00;1.560000e-02
  511;-1.640000e+00;1.680000e-02
  512;-1.636000e+00;1.480000e-02
  513;-1.632000e+00;1.400000e-02
  514;-1.628000e+00;1.600000e-02
  515;-1.624000e+00;1.480000e-02
  516;-1.620000e+00;1.520000e-02
  517;-1.616000e+00;1.560000e-02
  518;-1.612000e+00;1.440000e-02
  519;-1.608000e+00;1.640000e-02
  520;-1.604000e+00;1.440000e-02
  521;-1.600000e+00;1.640000e-02
  522;-1.596000e+00;1.520000e-02
  523;-1.592000e+00;1.520000e-02
  524;-1.588000e+00;1.600000e-02
  525;-1.584000e+00;1.520000e-02
  526;-1.580000e+00;1.480000e-02
  527;-1.576000e+00;1.480000e-02
  528;-1.572000e+00;1.560000e-02
  529;-1.568000e+00;1.680000e-02
  530;-1.564000e+00;1.480000e-02
  531;-1.560000e+00;1.520000e-02
  532;-1.556000e+00;1.520000e-02
  533;-1.552000e+00;1.440000e-02
  534;-1.548000e+00;1.640000e-02
  535;-1.544000e+00;1.440000e-02
  536;-1.540000e+00;1.560000e-02
  537;-1.536000e+00;1.560000e-02
  538;-1.532000e+00;1.520000e-02
  539;-1.528000e+00;1.560000e-02
  540;-1.524000e+00;1.400000e-02
  541;-1.520000e+00;1.520000e-02
  542;-1.516000e+00;1.640000e-02
  543;-1.512000e+00;1.520000e-02
  544;-1.508000e+00;1.720000e-02
  545;-1.504000e+00;1.520000e-02
  546;-1.500000e+00;1.600000e-02
  547;-1.496000e+00;1.480000e-02
  548;-1.492000e+00;1.480000e-02
  549;-1.488000e+00;1.560000e-02
  550;-1.484000e+00;1.440000e-02
  551;-1.480000e+00;1.480000e-02
  552;-1.476000e+00;1.640000e-02
  553;-1.472000e+00;1.440000e-02
  554;-1.468000e+00;1.800000e-02
  555;-1.464000e+00;1.520000e-02
  556;-1.460000e+00;1.640000e-02
  557;-1.456000e+00;1.360000e-02
  558;-1.452000e+00;1.440000e-02
  559;-1.448000e+00;1.640000e-02
  560;-1.444000e+00;1.480000e-02
  561;-1.440000e+00;1.640000e-02
  562;-1.436000e+00;1.560000e-02
  563;-1.432000e+00;1.520000e-02
  564;-1.428000e+00;1.520000e-02
  565;-1.424000e+00;1.600000e-02
  566;-1.420000e+00;1.560000e-02
  567;-1.416000e+00;1.480000e-02
  568;-1.412000e+00;1.480000e-02
  569;-1.408000e+00;1.760000e-02
  570;-1.404000e+00;1.560000e-02
  571;-1.400000e+00;1.440000e-02
  572;-1.396000e+00;1.480000e-02
  573;-1.392000e+00;1.600000e-02
  574;-1.388000e+00;1.560000e-02
  575;-1.384000e+00;1.400000e-02
  576;-1.380000e+00;1.520000e-02
  577;-1.376000e+00;1.360000e-02
  578;-1.372000e+00;1.480000e-02
  579;-1.368000e+00;1.680000e-02
  580;-1.364000e+00;1.480000e-02
  581;-1.360000e+00;1.600000e-02
  582;-1.356000e+00;1.680000e-02
  583;-1.352000e+00;1.520000e-02
  584;-1.348000e+00;1.960000e-02
  585;-1.344000e+00;1.560000e-02
  586;-1.340000e+00;1.640000e-02
  587;-1.336000e+00;1.520000e-02
  588;-1.332000e+00;1.520000e-02
  589;-1.328000e+00;1.680000e-02
  590;-1.324000e+00;1.680000e-02
  591;-1.320000e+00;1.720000e-02
  592;-1.316000e+00;1.600000e-02
  593;-1.312000e+00;1.440000e-02
  594;-1.308000e+00;1.800000e-02
  595;-1.304000e+00;1.560000e-02
  596;-1.300000e+00;1.680000e-02
  597;-1.296000e+00;1.600000e-02
  598;-1.292000e+00;1.640000e-02
  599;-1.288000e+00;1.720000e-02
  600;-1.284000e+00;1.640000e-02
  601;-1.280000e+00;1.600000e-02
  602;-1.276000e+00;1.640000e-02
  603;-1.272000e+00;1.560000e-02
  604;-1.268000e+00;1.600000e-02
  605;-1.264000e+00;1.720000e-02
  606;-1.260000e+00;1.600000e-02
  607;-1.256000e+00;1.720000e-02
  608;-1.252000e+00;1.640000e-02
  609;-1.248000e+00;1.720000e-02
  610;-1.244000e+00;1.600000e-02
  611;-1.240000e+00;1.600000e-02
  612;-1.236000e+00;1.400000e-02
  613;-1.232000e+00;1.560000e-02
  614;-1.228000e+00;1.680000e-02
  615;-1.224000e+00;1.560000e-02
  616;-1.220000e+00;1.680000e-02
  617;-1.216000e+00;1.720000e-02
  618;-1.212000e+00;1.560000e-02
  619;-1.208000e+00;1.840000e-02
  620;-1.204000e+00;1.600000e-02
  621;-1.200000e+00;1.600000e-02
  622;-1.196000e+00;1.720000e-02
  623;-1.192000e+00;1.560000e-02
  624;-1.188000e+00;1.760000e-02
  625;-1.184000e+00;1.520000e-02
  626;-1.180000e+00;1.720000e-02
  627;-1.176000e+00;1.640000e-02
  628;-1.172000e+00;1.680000e-02
  629;-1.168000e+00;1.720000e-02
  630;-1.164000e+00;1.600000e-02
  631;-1.160000e+00;1.680000e-02
  632;-1.156000e+00;1.600000e-02
  633;-1.152000e+00;1.600000e-02
  634;-1.148000e+00;1.840000e-02
  635;-1.144000e+00;1.560000e-02
  636;-1.140000e+00;1.480000e-02
  637;-1.136000e+00;1.600000e-02
  638;-1.132000e+00;1.640000e-02
  639;-1.128000e+00;1.720000e-02
  640;-1.124000e+00;1.640000e-02
  641;-1.120000e+00;1.880000e-02
  642;-1.116000e+00;1.600000e-02
  643;-1.112000e+00;1.640000e-02
  644;-1.108000e+00;1.720000e-02
  645;-1.104000e+00;1.680000e-02
  646;-1.100000e+00;1.600000e-02
  647;-1.096000e+00;1.560000e-02
  648;-1.092000e+00;1.800000e-02
  649;-1.088000e+00;1.760000e-02
  650;-1.084000e+00;1.720000e-02
  651;-1.080000e+00;1.760000e-02
  652;-1.076000e+00;1.640000e-02
  653;-1.072000e+00;1.640000e-02
  654;-1.068000e+00;1.680000e-02
  655;-1.064000e+00;1.680000e-02
  656;-1.060000e+00;1.800000e-02
  657;-1.056000e+00;1.600000e-02
  658;-1.052000e+00;1.680000e-02
  659;-1.048000e+00;1.720000e-02
  660;-1.044000e+00;1.200000e-02
  661;-1.040000e+00;1.880000e-02
  662;-1.036000e+00;1.680000e-02
  663;-1.032000e+00;1.680000e-02
  664;-1.028000e+00;1.720000e-02
  665;-1.024000e+00;1.680000e-02
  666;-1.020000e+00;1.800000e-02
  667;-1.016000e+00;1.640000e-02
  668;-1.012000e+00;1.680000e-02
  669;-1.008000e+00;1.680000e-02
  670;-1.004000e+00;1.720000e-02
  671;-9.999999e-01;1.720000e-02
  672;-9.959999e-01;1.760000e-02
  673;-9.919999e-01;1.600000e-02
  674;-9.879999e-01;1.760000e-02
  675;-9.839999e-01;1.680000e-02
  676;-9.799999e-01;1.840000e-02
  677;-9.759999e-01;1.680000e-02
  678;-9.719999e-01;1.720000e-02
  679;-9.679999e-01;1.920000e-02
  680;-9.639999e-01;1.760000e-02
  681;-9.599999e-01;1.760000e-02
  682;-9.559999e-01;1.880000e-02
  683;-9.519999e-01;1.640000e-02
  684;-9.479999e-01;1.880000e-02
  685;-9.439999e-01;1.800000e-02
  686;-9.399999e-01;1.800000e-02
  687;-9.359999e-01;1.880000e-02
  688;-9.319999e-01;1.840000e-02
  689;-9.279999e-01;1.920000e-02
  690;-9.239999e-01;1.880000e-02
  691;-9.199999e-01;1.920000e-02
  692;-9.159999e-01;1.720000e-02
  693;-9.119999e-01;1.920000e-02
  694;-9.079999e-01;1.800000e-02
  695;-9.039999e-01;1.800000e-02
  696;-8.999999e-01;1.920000e-02
  697;-8.959999e-01;1.760000e-02
  698;-8.919999e-01;1.840000e-02
  699;-8.879999e-01;1.840000e-02
  700;-8.839999e-01;1.840000e-02
  701;-8.799999e-01;1.960000e-02
  702;-8.759999e-01;2.000000e-02
  703;-8.719999e-01;1.720000e-02
  704;-8.679999e-01;1.960000e-02
  705;-8.639999e-01;1.800000e-02
  706;-8.599999e-01;1.920000e-02
  707;-8.559999e-01;1.800000e-02
  708;-8.519999e-01;1.720000e-02
  709;-8.479999e-01;2.040000e-02
  710;-8.439999e-01;1.760000e-02
  711;-8.399999e-01;1.880000e-02
  712;-8.359999e-01;1.760000e-02
  713;-8.319999e-01;1.840000e-02
  714;-8.279999e-01;1.880000e-02
  715;-8.239999e-01;1.960000e-02
  716;-8.199999e-01;1.960000e-02
  717;-8.159999e-01;1.800000e-02
  718;-8.119999e-01;1.720000e-02
  719;-8.079999e-01;1.840000e-02
  720;-8.039999e-01;1.840000e-02
  721;-7.999999e-01;1.920000e-02
  722;-7.959999e-01;1.760000e-02
  723;-7.919999e-01;1.920000e-02
  724;-7.879999e-01;2.040000e-02
  725;-7.839999e-01;1.840000e-02
  726;-7.799999e-01;1.920000e-02
  727;-7.759999e-01;1.640000e-02
  728;-7.719999e-01;2.000000e-02
  729;-7.679999e-01;2.120000e-02
  730;-7.639999e-01;1.640000e-02
  731;-7.599999e-01;2.080000e-02
  732;-7.559999e-01;1.920000e-02
  733;-7.519999e-01;1.880000e-02
  734;-7.479999e-01;1.920000e-02
  735;-7.439999e-01;1.920000e-02
  736;-7.399999e-01;2.000000e-02
  737;-7.359999e-01;1.880000e-02
  738;-7.319999e-01;1.960000e-02
  739;-7.279999e-01;2.040000e-02
  740;-7.239999e-01;2.080000e-02
  741;-7.199999e-01;1.920000e-02
  742;-7.159999e-01;1.960000e-02
  743;-7.119999e-01;1.920000e-02
  744;-7.079999e-01;2.000000e-02
  745;-7.039999e-01;1.920000e-02
  746;-6.999999e-01;2.040000e-02
  747;-6.959999e-01;2.000000e-02
  748;-6.919999e-01;1.880000e-02
  749;-6.879999e-01;2.040000e-02
  750;-6.839999e-01;1.800000e-02
  751;-6.799999e-01;2.040000e-02
  752;-6.759999e-01;2.000000e-02
  753;-6.719999e-01;2.040000e-02
  754;-6.679999e-01;2.040000e-02
  755;-6.639999e-01;2.000000e-02
  756;-6.599999e-01;2.040000e-02
  757;-6.559999e-01;2.040000e-02
  758;-6.519999e-01;2.040000e-02
  759;-6.479999e-01;2.080000e-02
  760;-6.439999e-01;1.920000e-02
  761;-6.399999e-01;2.200000e-02
  762;-6.359999e-01;1.920000e-02
  763;-6.319999e-01;2.000000e-02
  764;-6.279999e-01;2.120000e-02
  765;-6.239999e-01;1.960000e-02
  766;-6.199999e-01;2.040000e-02
  767;-6.159999e-01;2.000000e-02
  768;-6.119999e-01;1.960000e-02
  769;-6.079999e-01;2.080000e-02
  770;-6.039999e-01;1.960000e-02
  771;-5.999999e-01;2.000000e-02
  772;-5.959999e-01;1.840000e-02
  773;-5.919999e-01;1.920000e-02
  774;-5.879999e-01;2.120000e-02
  775;-5.839999e-01;2.080000e-02
  776;-5.799999e-01;2.120000e-02
  777;-5.759999e-01;2.000000e-02
  778;-5.719999e-01;2.000000e-02
  779;-5.679999e-01;2.200000e-02
  780;-5.639999e-01;2.120000e-02
  781;-5.599999e-01;2.160000e-02
  782;-5.559999e-01;2.040000e-02
  783;-5.519999e-01;2.120000e-02
  784;-5.479999e-01;2.120000e-02
  785;-5.439999e-01;2.120000e-02
  786;-5.399999e-01;2.200000e-02
  787;-5.359999e-01;2.200000e-02
  788;-5.319999e-01;2.240000e-02
  789;-5.279999e-01;2.240000e-02
  790;-5.239999e-01;2.080000e-02
  791;-5.199999e-01;2.160000e-02
  792;-5.159999e-01;2.000000e-02
  793;-5.119999e-01;1.960000e-02
  794;-5.079999e-01;2.120000e-02
  795;-5.039999e-01;2.080000e-02
  796;-4.999999e-01;2.200000e-02
  797;-4.959999e-01;2.000000e-02
  798;-4.919999e-01;2.320000e-02
  799;-4.879999e-01;2.240000e-02
  800;-4.839999e-01;2.160000e-02
  801;-4.799999e-01;2.200000e-02
  802;-4.759999e-01;2.160000e-02
  803;-4.719999e-01;2.120000e-02
  804;-4.679999e-01;2.240000e-02
  805;-4.639999e-01;2.160000e-02
  806;-4.599999e-01;2.320000e-02
  807;-4.559999e-01;2.160000e-02
  808;-4.519999e-01;2.280000e-02
  809;-4.479999e-01;2.280000e-02
  810;-4.439999e-01;2.160000e-02
  811;-4.399999e-01;2.320000e-02
  812;-4.359999e-01;2.120000e-02
  813;-4.319999e-01;2.160000e-02
  814;-4.279999e-01;2.200000e-02
  815;-4.239999e-01;2.040000e-02
  816;-4.199999e-01;2.280000e-02
  817;-4.159999e-01;2.160000e-02
  818;-4.119999e-01;2.280000e-02
  819;-4.079999e-01;2.360000e-02
  820;-4.039999e-01;2.280000e-02
  821;-3.999999e-01;2.320000e-02
  822;-3.959999e-01;2.160000e-02
  823;-3.919999e-01;2.320000e-02
  824;-3.879999e-01;2.360000e-02
  825;-3.839999e-01;2.160000e-02
  826;-3.799999e-01;2.200000e-02
  827;-3.759999e-01;2.240000e-02
  828;-3.719999e-01;2.400000e-02
  829;-3.679999e-01;2.360000e-02
  830;-3.639999e-01;2.240000e-02
  831;-3.599999e-01;2.320000e-02
  832;-3.559999e-01;2.240000e-02
  833;-3.519999e-01;2.960000e-02
  834;-3.479999e-01;2.480000e-02
  835;-3.439999e-01;2.360000e-02
  836;-3.399999e-01;2.360000e-02
  837;-3.359999e-01;2.360000e-02
  838;-3.319999e-01;2.360000e-02
  839;-3.279999e-01;2.480000e-02
  840;-3.239999e-01;2.360000e-02
  841;-3.199999e-01;2.400000e-02
  842;-3.159999e-01;2.400000e-02
  843;-3.119999e-01;2.320000e-02
  844;-3.079999e-01;2.400000e-02
  845;-3.039999e-01;2.400000e-02
  846;-2.999999e-01;2.520000e-02
  847;-2.959999e-01;2.440000e-02
  848;-2.919999e-01;2.280000e-02
  849;-2.879999e-01;2.520000e-02
  850;-2.839999e-01;2.360000e-02
  851;-2.799999e-01;2.440000e-02
  852;-2.759999e-01;2.280000e-02
  853;-2.719999e-01;2.440000e-02
  854;-2.679999e-01;2.360000e-02
  855;-2.639999e-01;2.360000e-02
  856;-2.599999e-01;2.520000e-02
  857;-2.559999e-01;2.400000e-02
  858;-2.519999e-01;2.560000e-02
  859;-2.479999e-01;2.560000e-02
  860;-2.439999e-01;2.480000e-02
  861;-2.399999e-01;2.480000e-02
  862;-2.359999e-01;2.400000e-02
  863;-2.319999e-01;2.280000e-02
  864;-2.279999e-01;2.360000e-02
  865;-2.239999e-01;2.400000e-02
  866;-2.199999e-01;2.640000e-02
  867;-2.159999e-01;2.440000e-02
  868;-2.119999e-01;2.520000e-02
  869;-2.079999e-01;2.560000e-02
  870;-2.039999e-01;2.440000e-02
  871;-1.999999e-01;2.600000e-02
  872;-1.959999e-01;2.520000e-02
  873;-1.919999e-01;2.480000e-02
  874;-1.879999e-01;2.440000e-02
  875;-1.839999e-01;2.400000e-02
  876;-1.799999e-01;2.640000e-02
  877;-1.759999e-01;2.520000e-02
  878;-1.719999e-01;2.440000e-02
  879;-1.679999e-01;2.560000e-02
  880;-1.639999e-01;2.520000e-02
  881;-1.599999e-01;2.720000e-02
  882;-1.559999e-01;2.600000e-02
  883;-1.519999e-01;2.560000e-02
  884;-1.479999e-01;2.720000e-02
  885;-1.439999e-01;2.600000e-02
  886;-1.399999e-01;2.720000e-02
  887;-1.359999e-01;2.560000e-02
  888;-1.319999e-01;2.720000e-02
  889;-1.279999e-01;2.720000e-02
  890;-1.239999e-01;2.680000e-02
  891;-1.199999e-01;2.760000e-02
  892;-1.159999e-01;2.680000e-02
  893;-1.119999e-01;2.680000e-02
  894;-1.079999e-01;2.800000e-02
  895;-1.039999e-01;2.600000e-02
  896;-9.999990e-02;2.680000e-02
  897;-9.599990e-02;2.720000e-02
  898;-9.199990e-02;2.640000e-02
  899;-8.799990e-02;2.800000e-02
  900;-8.399990e-02;2.640000e-02
  901;-7.999990e-02;2.720000e-02
  902;-7.599990e-02;2.680000e-02
  903;-7.199990e-02;2.720000e-02
  904;-6.799990e-02;2.920000e-02
  905;-6.399990e-02;2.720000e-02
  906;-5.999989e-02;2.920000e-02
  907;-5.599989e-02;2.760000e-02
  908;-5.199989e-02;2.680000e-02
  909;-4.799989e-02;2.920000e-02
  910;-4.399989e-02;2.640000e-02
  911;-3.999989e-02;2.800000e-02
  912;-3.599989e-02;2.640000e-02
  913;-3.199989e-02;2.760000e-02
  914;-2.799989e-02;2.800000e-02
  915;-2.399989e-02;2.720000e-02
  916;-1.999989e-02;2.760000e-02
  917;-1.599989e-02;2.760000e-02
  918;-1.199989e-02;2.800000e-02
  919;-7.999892e-03;2.800000e-02
  920;-3.999892e-03;2.800000e-02
  921;1.080334e-07;3.120000e-02
  922;4.000108e-03;2.840000e-02
  923;8.000108e-03;2.760000e-02
  924;1.200011e-02;2.920000e-02
  925;1.600011e-02;2.800000e-02
  926;2.000011e-02;2.880000e-02
  927;2.400011e-02;2.760000e-02
  928;2.800011e-02;2.960000e-02
  929;3.200011e-02;2.800000e-02
  930;3.600011e-02;2.880000e-02
  931;4.000011e-02;3.040000e-02
  932;4.400011e-02;2.840000e-02
  933;4.800011e-02;2.960000e-02
  934;5.200011e-02;2.960000e-02
  935;5.600011e-02;2.720000e-02
  936;6.000011e-02;3.000000e-02
  937;6.400011e-02;2.880000e-02
  938;6.800011e-02;2.880000e-02
  939;7.200011e-02;2.880000e-02
  940;7.600011e-02;2.800000e-02
  941;8.000011e-02;3.000000e-02
  942;8.400011e-02;2.880000e-02
  943;8.800011e-02;2.760000e-02
  944;9.200011e-02;3.040000e-02
  945;9.600011e-02;2.880000e-02
  946;1.000001e-01;2.920000e-02
  947;1.040001e-01;2.960000e-02
  948;1.080001e-01;3.120000e-02
  949;1.120001e-01;3.000000e-02
  950;1.160001e-01;2.960000e-02
  951;1.200001e-01;3.080000e-02
  952;1.240001e-01;2.920000e-02
  953;1.280001e-01;3.000000e-02
  954;1.320001e-01;3.040000e-02
  955;1.360001e-01;3.000000e-02
  956;1.400001e-01;3.160000e-02
  957;1.440001e-01;2.800000e-02
  958;1.480001e-01;3.040000e-02
  959;1.520001e-01;3.160000e-02
  960;1.560001e-01;3.120000e-02
  961;1.600001e-01;3.120000e-02
  962;1.640001e-01;3.040000e-02
  963;1.680001e-01;3.040000e-02
  964;1.720001e-01;3.160000e-02
  965;1.760001e-01;2.880000e-02
  966;1.800001e-01;3.200000e-02
  967;1.840001e-01;2.920000e-02
  968;1.880001e-01;3.120000e-02
  969;1.920001e-01;3.280000e-02
  970;1.960001e-01;3.120000e-02
  971;2.000001e-01;3.200000e-02
  972;2.040001e-01;3.240000e-02
  973;2.080001e-01;3.200000e-02
  974;2.120001e-01;3.280000e-02
  975;2.160001e-01;3.160000e-02
  976;2.200001e-01;3.240000e-02
  977;2.240001e-01;3.120000e-02
  978;2.280001e-01;3.320000e-02
  979;2.320001e-01;3.320000e-02
  980;2.360001e-01;3.200000e-02
  981;2.400001e-01;3.280000e-02
  982;2.440001e-01;3.440000e-02
  983;2.480001e-01;3.200000e-02
  984;2.520001e-01;3.240000e-02
  985;2.560001e-01;3.280000e-02
  986;2.600001e-01;3.440000e-02
  987;2.640001e-01;3.680000e-02
  988;2.680001e-01;3.320000e-02
  989;2.720001e-01;3.320000e-02
  990;2.760001e-01;3.400000e-02
  991;2.800001e-01;3.440000e-02
  992;2.840001e-01;3.160000e-02
  993;2.880001e-01;3.200000e-02
  994;2.920001e-01;3.320000e-02
  995;2.960001e-01;3.240000e-02
  996;3.000001e-01;3.440000e-02
  997;3.040001e-01;3.280000e-02
  998;3.080001e-01;3.480000e-02
  999;3.120001e-01;3.560000e-02
 1000;3.160001e-01;3.240000e-02
 1001;3.200001e-01;3.520000e-02
 1002;3.240001e-01;3.320000e-02
 1003;3.280001e-01;3.560000e-02
 1004;3.320001e-01;3.800000e-02
 1005;3.360001e-01;3.040000e-02
 1006;3.400001e-01;3.400000e-02
 1007;3.440001e-01;3.480000e-02
 1008;3.480001e-01;3.320000e-02
 1009;3.520001e-01;3.480000e-02
 1010;3.560001e-01;3.480000e-02
 1011;3.600001e-01;3.560000e-02
 1012;3.640001e-01;3.480000e-02
 1013;3.680001e-01;3.560000e-02
 1014;3.720001e-01;3.600000e-02
 1015;3.760001e-01;3.400000e-02
 1016;3.800001e-01;3.560000e-02
 1017;3.840001e-01;3.480000e-02
 1018;3.880001e-01;3.520000e-02
 1019;3.920001e-01;3.600000e-02
 1020;3.960001e-01;3.480000e-02
 1021;4.000001e-01;3.600000e-02
 1022;4.040001e-01;3.600000e-02
 1023;4.080001e-01;3.680000e-02
 1024;4.120001e-01;3.680000e-02
 1025;4.160001e-01;3.720000e-02
 1026;4.200001e-01;3.720000e-02
 1027;4.240001e-01;3.880000e-02
 1028;4.280001e-01;3.800000e-02
 1029;4.320001e-01;3.720000e-02
 1030;4.360001e-01;3.720000e-02
 1031;4.400001e-01;3.720000e-02
 1032;4.440001e-01;3.480000e-02
 1033;4.480001e-01;3.680000e-02
 1034;4.520001e-01;3.800000e-02
 1035;4.560001e-01;3.560000e-02
 1036;4.600001e-01;3.840000e-02
 1037;4.640001e-01;3.560000e-02
 1038;4.680001e-01;3.760000e-02
 1039;4.720001e-01;3.680000e-02
 1040;4.760001e-01;3.560000e-02
 1041;4.800001e-01;3.680000e-02
 1042;4.840001e-01;3.520000e-02
 1043;4.880001e-01;3.720000e-02
 1044;4.920001e-01;3.400000e-02
 1045;4.960001e-01;3.800000e-02
 1046;5.000001e-01;3.720000e-02
 1047;5.040001e-01;3.720000e-02
 1048;5.080001e-01;3.800000e-02
 1049;5.120001e-01;3.920000e-02
 1050;5.160001e-01;3.800000e-02
 1051;5.200001e-01;3.880000e-02
 1052;5.240001e-01;3.840000e-02
 1053;5.280001e-01;3.880000e-02
 1054;5.320001e-01;3.800000e-02
 1055;5.360001e-01;4.000000e-02
 1056;5.400001e-01;3.960000e-02
 1057;5.440001e-01;4.040000e-02
 1058;5.480001e-01;3.960000e-02
 1059;5.520001e-01;4.040000e-02
 1060;5.560001e-01;3.840000e-02
 1061;5.600001e-01;3.880000e-02
 1062;5.640001e-01;3.920000e-02
 1063;5.680001e-01;4.120000e-02
 1064;5.720001e-01;3.960000e-02
 1065;5.760001e-01;3.840000e-02
 1066;5.800001e-01;4.000000e-02
 1067;5.840001e-01;4.000000e-02
 1068;5.880001e-01;3.880000e-02
 1069;5.920001e-01;3.920000e-02
 1070;5.960001e-01;3.880000e-02
 1071;6.000001e-01;4.080000e-02
 1072;6.040001e-01;3.880000e-02
 1073;6.080001e-01;3.960000e-02
 1074;6.120001e-01;4.040000e-02
 1075;6.160001e-01;4.160000e-02
 1076;6.200001e-01;4.240000e-02
 1077;6.240001e-01;3.800000e-02
 1078;6.280001e-01;4.080000e-02
 1079;6.320001e-01;4.160000e-02
 1080;6.360001e-01;4.000000e-02
 1081;6.400001e-01;4.240000e-02
 1082;6.440001e-01;4.040000e-02
 1083;6.480001e-01;4.240000e-02
 1084;6.520001e-01;4.080000e-02
 1085;6.560001e-01;4.120000e-02
 1086;6.600001e-01;4.120000e-02
 1087;6.640001e-01;4.040000e-02
 1088;6.680001e-01;4.200000e-02
 1089;6.720001e-01;4.240000e-02
 1090;6.760001e-01;4.000000e-02
 1091;6.800001e-01;4.200000e-02
 1092;6.840001e-01;4.040000e-02
 1093;6.880001e-01;4.080000e-02
 1094;6.920001e-01;4.280000e-02
 1095;6.960001e-01;4.040000e-02
 1096;7.000001e-01;4.160000e-02
 1097;7.040001e-01;4.200000e-02
 1098;7.080001e-01;4.200000e-02
 1099;7.120001e-01;4.360000e-02
 1100;7.160001e-01;4.040000e-02
 1101;7.200001e-01;4.240000e-02
 1102;7.240001e-01;4.240000e-02
 1103;7.280001e-01;4.360000e-02
 1104;7.320001e-01;4.200000e-02
 1105;7.360001e-01;4.240000e-02
 1106;7.400001e-01;4.320000e-02
 1107;7.440001e-01;4.280000e-02
 1108;7.480001e-01;4.320000e-02
 1109;7.520001e-01;4.320000e-02
 1110;7.560001e-01;4.160000e-02
 1111;7.600001e-01;4.400000e-02
 1112;7.640001e-01;4.160000e-02
 1113;7.680001e-01;4.200000e-02
 1114;7.720001e-01;4.320000e-02
 1115;7.760001e-01;4.280000e-02
 1116;7.800001e-01;4.480000e-02
 1117;7.840001e-01;4.360000e-02
 1118;7.880001e-01;4.360000e-02
 1119;7.920001e-01;4.400000e-02
 1120;7.960001e-01;4.360000e-02
 1121;8.000001e-01;4.440000e-02
 1122;8.040001e-01;4.280000e-02
 1123;8.080001e-01;4.520000e-02
 1124;8.120001e-01;4.560000e-02
 1125;8.160001e-01;4.400000e-02
 1126;8.200001e-01;4.200000e-02
 1127;8.240001e-01;4.360000e-02
 1128;8.280001e-01;4.520000e-02
 1129;8.320001e-01;4.480000e-02
 1130;8.360001e-01;4.440000e-02
 1131;8.400001e-01;4.800000e-02
 1132;8.440001e-01;4.480000e-02
 1133;8.480001e-01;4.400000e-02
 1134;8.520001e-01;4.560000e-02
 1135;8.560001e-01;4.720000e-02
 1136;8.600001e-01;4.560000e-02
 1137;8.640001e-01;4.520000e-02
 1138;8.680001e-01;4.520000e-02
 1139;8.720001e-01;4.560000e-02
 1140;8.760001e-01;4.520000e-02
 1141;8.800001e-01;4.800000e-02
 1142;8.840002e-01;4.560000e-02
 1143;8.880002e-01;4.360000e-02
 1144;8.920002e-01;4.800000e-02
 1145;8.960002e-01;4.480000e-02
 1146;9.000002e-01;4.560000e-02
 1147;9.040002e-01;4.680000e-02
 1148;9.080002e-01;4.640000e-02
 1149;9.120002e-01;4.640000e-02
 1150;9.160002e-01;4.640000e-02
 1151;9.200002e-01;4.800000e-02
 1152;9.240002e-01;4.480000e-02
 1153;9.280002e-01;4.560000e-02
 1154;9.320002e-01;4.760000e-02
 1155;9.360002e-01;4.640000e-02
 1156;9.400002e-01;4.760000e-02
 1157;9.440002e-01;4.720000e-02
 1158;9.480002e-01;4.760000e-02
 1159;9.520002e-01;4.760000e-02
 1160;9.560002e-01;4.760000e-02
 1161;9.600002e-01;4.840000e-02
 1162;9.640002e-01;4.720000e-02
 1163;9.680002e-01;4.880000e-02
 1164;9.720002e-01;4.880000e-02
 1165;9.760002e-01;4.480000e-02
 1166;9.800002e-01;4.960000e-02
 1167;9.840002e-01;4.760000e-02
 1168;9.880002e-01;4.840000e-02
 1169;9.920002e-01;4.680000e-02
 1170;9.960002e-01;4.840000e-02
 1171;1.000000e+00;4.840000e-02
 1172;1.004000e+00;4.840000e-02
 1173;1.008000e+00;4.800000e-02
 1174;1.012000e+00;4.920000e-02
 1175;1.016000e+00;4.840000e-02
 1176;1.020000e+00;5.040000e-02
 1177;1.024000e+00;4.840000e-02
 1178;1.028000e+00;4.880000e-02
 1179;1.032000e+00;4.800000e-02
 1180;1.036000e+00;4.760000e-02
 1181;1.040000e+00;4.920000e-02
 1182;1.044000e+00;4.960000e-02
 1183;1.048000e+00;5.040000e-02
 1184;1.052000e+00;4.920000e-02
 1185;1.056000e+00;4.920000e-02
 1186;1.060000e+00;5.000000e-02
 1187;1.064000e+00;4.880000e-02
 1188;1.068000e+00;4.920000e-02
 1189;1.072000e+00;5.120000e-02
 1190;1.076000e+00;5.080000e-02
 1191;1.080000e+00;5.120000e-02
 1192;1.084000e+00;4.920000e-02
 1193;1.088000e+00;5.000000e-02
 1194;1.092000e+00;4.800000e-02
 1195;1.096000e+00;4.920000e-02
 1196;1.100000e+00;5.160000e-02
 1197;1.104000e+00;5.000000e-02
 1198;1.108000e+00;5.080000e-02
 1199;1.112000e+00;4.960000e-02
 1200;1.116000e+00;4.960000e-02
 1201;1.120000e+00;5.120000e-02
 1202;1.124000e+00;4.880000e-02
 1203;1.128000e+00;5.240000e-02
 1204;1.132000e+00;5.200000e-02
 1205;1.136000e+00;5.040000e-02
 1206;1.140000e+00;5.200000e-02
 1207;1.144000e+00;5.200000e-02
 1208;1.148000e+00;5.160000e-02
 1209;1.152000e+00;5.120000e-02
 1210;1.156000e+00;5.000000e-02
 1211;1.160000e+00;5.160000e-02
 1212;1.164000e+00;5.080000e-02
 1213;1.168000e+00;5.320000e-02
 1214;1.172000e+00;5.280000e-02
 1215;1.176000e+00;5.120000e-02
 1216;1.180000e+00;5.280000e-02
 1217;1.184000e+00;5.360000e-02
 1218;1.188000e+00;5.280000e-02
 1219;1.192000e+00;5.200000e-02
 1220;1.196000e+00;5.120000e-02
 1221;1.200000e+00;5.320000e-02
 1222;1.204000e+00;5.360000e-02
 1223;1.208000e+00;5.440000e-02
 1224;1.212000e+00;5.320000e-02
 1225;1.216000e+00;5.240000e-02
 1226;1.220000e+00;5.200000e-02
 1227;1.224000e+00;5.280000e-02
 1228;1.228000e+00;5.360000e-02
 1229;1.232000e+00;5.240000e-02
 1230;1.236000e+00;5.200000e-02
 1231;1.240000e+00;5.280000e-02
 1232;1.244000e+00;5.440000e-02
 1233;1.248000e+00;5.280000e-02
 1234;1.252000e+00;5.280000e-02
 1235;1.256000e+00;5.320000e-02
 1236;1.260000e+00;5.480000e-02
 1237;1.264000e+00;5.320000e-02
 1238;1.268000e+00;5.360000e-02
 1239;1.272000e+00;5.400000e-02
 1240;1.276000e+00;5.360000e-02
 1241;1.280000e+00;5.440000e-02
 1242;1.284000e+00;5.400000e-02
 1243;1.288000e+00;5.560000e-02
 1244;1.292000e+00;5.400000e-02
 1245;1.296000e+00;5.280000e-02
 1246;1.300000e+00;5.520000e-02
 1247;1.304000e+00;5.480000e-02
 1248;1.308000e+00;5.440000e-02
 1249;1.312000e+00;5.520000e-02
 1250;1.316000e+00;5.400000e-02
 1251;1.320000e+00;5.680000e-02
 1252;1.324000e+00;5.560000e-02
 1253;1.328000e+00;5.680000e-02
 1254;1.332000e+00;5.560000e-02
 1255;1.336000e+00;5.520000e-02
 1256;1.340000e+00;5.600000e-02
 1257;1.344000e+00;5.400000e-02
 1258;1.348000e+00;5.640000e-02
 1259;1.352000e+00;5.520000e-02
 1260;1.356000e+00;5.640000e-02
 1261;1.360000e+00;5.680000e-02
 1262;1.364000e+00;5.440000e-02
 1263;1.368000e+00;5.680000e-02
 1264;1.372000e+00;5.680000e-02
 1265;1.376000e+00;5.480000e-02
 1266;1.380000e+00;5.680000e-02
 1267;1.384000e+00;5.600000e-02
 1268;1.388000e+00;5.640000e-02
 1269;1.392000e+00;5.600000e-02
 1270;1.396000e+00;5.600000e-02
 1271;1.400000e+00;5.680000e-02
 1272;1.404000e+00;5.680000e-02
 1273;1.408000e+00;5.600000e-02
 1274;1.412000e+00;5.680000e-02
 1275;1.416000e+00;5.520000e-02
 1276;1.420000e+00;5.680000e-02
 1277;1.424000e+00;5.640000e-02
 1278;1.428000e+00;5.800000e-02
 1279;1.432000e+00;5.600000e-02
 1280;1.436000e+00;5.640000e-02
 1281;1.440000e+00;5.680000e-02
 1282;1.444000e+00;5.720000e-02
 1283;1.448000e+00;5.760000e-02
 1284;1.452000e+00;5.720000e-02
 1285;1.456000e+00;5.720000e-02
 1286;1.460000e+00;5.720000e-02
 1287;1.464000e+00;5.800000e-02
 1288;1.468000e+00;5.880000e-02
 1289;1.472000e+00;5.760000e-02
 1290;1.476000e+00;5.680000e-02
 1291;1.480000e+00;5.760000e-02
 1292;1.484000e+00;5.680000e-02
 1293;1.488000e+00;5.720000e-02
 1294;1.492000e+00;5.680000e-02
 1295;1.496000e+00;5.960000e-02
 1296;1.500000e+00;5.760000e-02
 1297;1.504000e+00;5.560000e-02
 1298;1.508000e+00;5.720000e-02
 1299;1.512000e+00;5.840000e-02
 1300;1.516000e+00;5.520000e-02
 1301;1.520000e+00;5.880000e-02
 1302;1.524000e+00;5.640000e-02
 1303;1.528000e+00;5.840000e-02
 1304;1.532000e+00;5.880000e-02
 1305;1.536000e+00;5.800000e-02
 1306;1.540000e+00;5.880000e-02
 1307;1.544000e+00;5.760000e-02
 1308;1.548000e+00;5.760000e-02
 1309;1.552000e+00;5.800000e-02
 1310;1.556000e+00;5.720000e-02
 1311;1.560000e+00;5.920000e-02
 1312;1.564000e+00;5.880000e-02
 1313;1.568000e+00;5.920000e-02
 1314;1.572000e+00;5.960000e-02
 1315;1.576000e+00;5.800000e-02
 1316;1.580000e+00;5.960000e-02
 1317;1.584000e+00;5.840000e-02
 1318;1.588000e+00;5.920000e-02
 1319;1.592000e+00;5.880000e-02
 1320;1.596000e+00;5.720000e-02
 1321;1.600000e+00;5.840000e-02
 1322;1.604000e+00;5.960000e-02
 1323;1.608000e+00;5.920000e-02
 1324;1.612000e+00;5.840000e-02
 1325;1.616000e+00;5.880000e-02
 1326;1.620000e+00;5.960000e-02
 1327;1.624000e+00;5.840000e-02
 1328;1.628000e+00;5.840000e-02
 1329;1.632000e+00;5.920000e-02
 1330;1.636000e+00;5.760000e-02
 1331;1.640000e+00;6.080000e-02
 1332;1.644000e+00;5.880000e-02
 1333;1.648000e+00;6.040000e-02
 1334;1.652000e+00;6.080000e-02
 1335;1.656000e+00;6.000000e-02
 1336;1.660000e+00;6.040000e-02
 1337;1.664000e+00;5.880000e-02
 1338;1.668000e+00;6.200000e-02
 1339;1.672000e+00;6.000000e-02
 1340;1.676000e+00;5.760000e-02
 1341;1.680000e+00;6.000000e-02
 1342;1.684000e+00;5.880000e-02
 1343;1.688000e+00;6.000000e-02
 1344;1.692000e+00;6.000000e-02
 1345;1.696000e+00;5.960000e-02
 1346;1.700000e+00;6.040000e-02
 1347;1.704000e+00;5.960000e-02
 1348;1.708000e+00;6.160000e-02
 1349;1.712000e+00;6.040000e-02
 1350;1.716000e+00;6.040000e-02
 1351;1.720000e+00;6.080000e-02
 1352;1.724000e+00;5.880000e-02
 1353;1.728000e+00;6.040000e-02
 1354;1.732000e+00;6.040000e-02
 1355;1.736000e+00;6.040000e-02
 1356;1.740000e+00;6.000000e-02
 1357;1.744000e+00;6.120000e-02
 1358;1.748000e+00;6.120000e-02
 1359;1.752000e+00;6.120000e-02
 1360;1.756000e+00;6.040000e-02
 1361;1.760000e+00;6.680000e-02
 1362;1.764000e+00;6.080000e-02
 1363;1.768000e+00;6.160000e-02
 1364;1.772000e+00;6.160000e-02
 1365;1.776000e+00;6.120000e-02
 1366;1.780000e+00;6.280000e-02
 1367;1.784000e+00;6.160000e-02
 1368;1.788000e+00;6.280000e-02
 1369;1.792000e+00;6.120000e-02
 1370;1.796000e+00;6.240000e-02
 1371;1.800000e+00;6.080000e-02
 1372;1.804000e+00;6.120000e-02
 1373;1.808000e+00;6.200000e-02
 1374;1.812000e+00;6.400000e-02
 1375;1.816000e+00;6.080000e-02
 1376;1.820000e+00;6.240000e-02
 1377;1.824000e+00;6.160000e-02
 1378;1.828000e+00;6.160000e-02
 1379;1.832000e+00;6.240000e-02
 1380;1.836000e+00;5.960000e-02
 1381;1.840000e+00;6.320000e-02
 1382;1.844000e+00;6.240000e-02
 1383;1.848000e+00;6.360000e-02
 1384;1.852000e+00;6.200000e-02
 1385;1.856000e+00;6.120000e-02
 1386;1.860000e+00;6.440000e-02
 1387;1.864000e+00;6.160000e-02
 1388;1.868000e+00;6.280000e-02
 1389;1.872000e+00;6.200000e-02
 1390;1.876000e+00;6.320000e-02
 1391;1.880000e+00;6.320000e-02
 1392;1.884000e+00;6.240000e-02
 1393;1.888000e+00;6.200000e-02
 1394;1.892000e+00;6.320000e-02
 1395;1.896000e+00;6.240000e-02
 1396;1.900000e+00;6.320000e-02
 1397;1.904000e+00;6.320000e-02
 1398;1.908000e+00;6.320000e-02
 1399;1.912000e+00;6.000000e-02
 1400;1.916000e+00;6.200000e-02
 1401;1.920000e+00;6.400000e-02
 1402;1.924000e+00;6.280000e-02
 1403;1.928000e+00;6.200000e-02
 1404;1.932000e+00;6.280000e-02
 1405;1.936000e+00;6.240000e-02
 1406;1.940000e+00;6.280000e-02
 1407;1.944000e+00;6.320000e-02
 1408;1.948000e+00;6.120000e-02
 1409;1.952000e+00;6.200000e-02
 1410;1.956000e+00;6.240000e-02
 1411;1.960000e+00;6.480000e-02
 1412;1.964000e+00;6.280000e-02
 1413;1.968000e+00;6.320000e-02
 1414;1.972000e+00;6.200000e-02
 1415;1.976000e+00;6.320000e-02
 1416;1.980000e+00;6.400000e-02
 1417;1.984000e+00;6.320000e-02
 1418;1.988000e+00;6.400000e-02
 1419;1.992000e+00;6.160000e-02
 1420;1.996000e+00;6.280000e-02
 1421;2.000000e+00;6.360000e-02
 1422;2.004000e+00;6.360000e-02
 1423;2.008000e+00;6.440000e-02
 1424;2.012000e+00;6.320000e-02
 1425;2.016000e+00;6.280000e-02
 1426;2.020000e+00;6.400000e-02
 1427;2.024000e+00;6.440000e-02
 1428;2.028000e+00;6.520000e-02
 1429;2.032000e+00;6.280000e-02
 1430;2.036000e+00;6.360000e-02
 1431;2.040000e+00;6.520000e-02
 1432;2.044000e+00;6.400000e-02
 1433;2.048000e+00;6.440000e-02
 1434;2.052000e+00;6.360000e-02
 1435;2.056000e+00;6.400000e-02
 1436;2.060000e+00;6.680000e-02
 1437;2.064000e+00;6.400000e-02
 1438;2.068000e+00;6.440000e-02
 1439;2.072000e+00;6.280000e-02
 1440;2.076000e+00;6.480000e-02
 1441;2.080000e+00;6.560000e-02
 1442;2.084000e+00;6.520000e-02
 1443;2.088000e+00;6.440000e-02
 1444;2.092000e+00;6.440000e-02
 1445;2.096000e+00;6.480000e-02
 1446;2.100000e+00;6.560000e-02
 1447;2.104000e+00;6.320000e-02
 1448;2.108000e+00;6.640000e-02
 1449;2.112000e+00;6.640000e-02
 1450;2.116000e+00;6.400000e-02
 1451;2.120000e+00;6.600000e-02
 1452;2.124000e+00;6.400000e-02
 1453;2.128000e+00;6.600000e-02
 1454;2.132000e+00;6.440000e-02
 1455;2.136000e+00;6.440000e-02
 1456;2.140000e+00;6.520000e-02
 1457;2.144000e+00;6.400000e-02
 1458;2.148000e+00;6.480000e-02
 1459;2.152000e+00;6.480000e-02
 1460;2.156000e+00;6.480000e-02
 1461;2.160000e+00;6.600000e-02
 1462;2.164000e+00;6.400000e-02
 1463;2.168000e+00;6.480000e-02
 1464;2.172000e+00;6.520000e-02
 1465;2.176000e+00;6.360000e-02
 1466;2.180000e+00;6.480000e-02
 1467;2.184000e+00;6.520000e-02
 1468;2.188000e+00;6.520000e-02
 1469;2.192000e+00;6.520000e-02
 1470;2.196000e+00;6.440000e-02
 1471;2.200000e+00;6.600000e-02
 1472;2.204000e+00;6.400000e-02
 1473;2.208000e+00;6.640000e-02
 1474;2.212000e+00;6.440000e-02
 1475;2.216000e+00;6.600000e-02
 1476;2.220000e+00;6.560000e-02
 1477;2.224000e+00;6.360000e-02
 1478;2.228000e+00;6.640000e-02
 1479;2.232000e+00;6.440000e-02
 1480;2.236000e+00;6.480000e-02
 1481;2.240000e+00;6.680000e-02
 1482;2.244000e+00;6.480000e-02
 1483;2.248000e+00;6.600000e-02
 1484;2.252000e+00;6.520000e-02
 1485;2.256000e+00;6.480000e-02
 1486;2.260000e+00;6.680000e-02
 1487;2.264000e+00;6.640000e-02
 1488;2.268000e+00;6.600000e-02
 1489;2.272000e+00;6.640000e-02
 1490;2.276000e+00;6.640000e-02
 1491;2.280000e+00;6.720000e-02
 1492;2.284000e+00;6.520000e-02
 1493;2.288000e+00;6.600000e-02
 1494;2.292000e+00;6.440000e-02
 1495;2.296000e+00;6.640000e-02
 1496;2.300000e+00;6.800000e-02
 1497;2.304000e+00;6.480000e-02
 1498;2.308000e+00;6.480000e-02
 1499;2.312000e+00;6.520000e-02
 1500;2.316000e+00;6.560000e-02
 1501;2.320000e+00;6.560000e-02
 1502;2.324000e+00;6.600000e-02
 1503;2.328000e+00;6.680000e-02
 1504;2.332000e+00;6.520000e-02
 1505;2.336000e+00;6.440000e-02
 1506;2.340000e+00;6.600000e-02
 1507;2.344000e+00;6.600000e-02
 1508;2.348000e+00;6.600000e-02
 1509;2.352000e+00;6.480000e-02
 1510;2.356000e+00;6.400000e-02
 1511;2.360000e+00;6.640000e-02
 1512;2.364000e+00;6.560000e-02
 1513;2.368000e+00;6.560000e-02
 1514;2.372000e+00;6.480000e-02
 1515;2.376000e+00;6.600000e-02
 1516;2.380000e+00;6.760000e-02
 1517;2.384000e+00;6.240000e-02
 1518;2.388000e+00;6.680000e-02
 1519;2.392000e+00;6.520000e-02
 1520;2.396000e+00;6.720000e-02
 1521;2.400000e+00;6.720000e-02
 1522;2.404000e+00;6.480000e-02
 1523;2.408000e+00;6.640000e-02
 1524;2.412000e+00;6.520000e-02
 1525;2.416000e+00;6.560000e-02
 1526;2.420000e+00;6.800000e-02
 1527;2.424000e+00;6.640000e-02
 1528;2.428000e+00;6.720000e-02
 1529;2.432000e+00;6.600000e-02
 1530;2.436000e+00;6.640000e-02
 1531;2.440000e+00;6.720000e-02
 1532;2.444000e+00;6.680000e-02
 1533;2.448000e+00;6.880000e-02
 1534;2.452000e+00;6.640000e-02
 1535;2.456000e+00;6.640000e-02
 1536;2.460000e+00;6.840000e-02
 1537;2.464000e+00;6.760000e-02
 1538;2.468000e+00;6.800000e-02
 1539;2.472000e+00;6.640000e-02
 1540;2.476000e+00;6.560000e-02
 1541;2.480000e+00;6.720000e-02
 1542;2.484000e+00;6.600000e-02
 1543;2.488000e+00;6.560000e-02
 1544;2.492000e+00;6.560000e-02
 1545;2.496000e+00;6.640000e-02
 1546;2.500000e+00;6.880000e-02
 1547;2.504000e+00;6.560000e-02
 1548;2.508000e+00;6.640000e-02
 1549;2.512000e+00;6.440000e-02
 1550;2.516000e+00;6.600000e-02
 1551;2.520000e+00;6.840000e-02
 1552;2.524000e+00;6.680000e-02
 1553;2.528000e+00;6.720000e-02
 1554;2.532000e+00;6.600000e-02
 1555;2.536000e+00;6.680000e-02
 1556;2.540000e+00;6.680000e-02
 1557;2.544000e+00;6.760000e-02
 1558;2.548000e+00;6.760000e-02
 1559;2.552000e+00;6.600000e-02
 1560;2.556000e+00;6.640000e-02
 1561;2.560000e+00;6.760000e-02
 1562;2.564000e+00;6.760000e-02
 1563;2.568000e+00;6.760000e-02
 1564;2.572000e+00;6.720000e-02
 1565;2.576000e+00;6.720000e-02
 1566;2.580000e+00;6.880000e-02
 1567;2.584000e+00;6.720000e-02
 1568;2.588000e+00;6.720000e-02
 1569;2.592000e+00;6.600000e-02
 1570;2.596000e+00;6.720000e-02
 1571;2.600000e+00;6.800000e-02
 1572;2.604000e+00;6.640000e-02
 1573;2.608000e+00;6.800000e-02
 1574;2.612000e+00;6.560000e-02
 1575;2.616000e+00;6.640000e-02
 1576;2.620000e+00;6.960000e-02
 1577;2.624000e+00;6.760000e-02
 1578;2.628000e+00;6.800000e-02
 1579;2.632000e+00;6.720000e-02
 1580;2.636000e+00;6.720000e-02
 1581;2.640000e+00;7.040000e-02
 1582;2.644000e+00;6.800000e-02
 1583;2.648000e+00;6.840000e-02
 1584;2.652000e+00;6.760000e-02
 1585;2.656000e+00;6.680000e-02
 1586;2.660000e+00;6.920000e-02
 1587;2.664000e+00;7.000000e-02
 1588;2.668000e+00;6.960000e-02
 1589;2.672000e+00;6.760000e-02
 1590;2.676000e+00;6.840000e-02
 1591;2.680000e+00;6.880000e-02
 1592;2.684000e+00;6.800000e-02
 1593;2.688000e+00;6.840000e-02
 1594;2.692000e+00;6.840000e-02
 1595;2.696000e+00;6.760000e-02
 1596;2.700000e+00;6.800000e-02
 1597;2.704000e+00;6.680000e-02
 1598;2.708000e+00;6.760000e-02
 1599;2.712000e+00;6.480000e-02
 1600;2.716000e+00;6.840000e-02
 1601;2.720000e+00;6.880000e-02
 1602;2.724000e+00;6.800000e-02
 1603;2.728000e+00;6.880000e-02
 1604;2.732000e+00;6.840000e-02
 1605;2.736000e+00;6.880000e-02
 1606;2.740000e+00;6.680000e-02
 1607;2.744000e+00;6.840000e-02
 1608;2.748000e+00;6.840000e-02
 1609;2.752000e+00;6.800000e-02
 1610;2.756000e+00;6.680000e-02
 1611;2.760000e+00;6.880000e-02
 1612;2.764000e+00;6.720000e-02
 1613;2.768000e+00;6.800000e-02
 1614;2.772000e+00;6.920000e-02
 1615;2.776000e+00;6.800000e-02
 1616;2.780000e+00;6.960000e-02
 1617;2.784000e+00;6.840000e-02
 1618;2.788000e+00;6.960000e-02
 1619;2.792000e+00;7.040000e-02
 1620;2.796000e+00;6.760000e-02
 1621;2.800000e+00;7.120000e-02
 1622;2.804000e+00;6.800000e-02
 1623;2.808000e+00;6.920000e-02
 1624;2.812000e+00;6.840000e-02
 1625;2.816000e+00;6.760000e-02
 1626;2.820000e+00;6.800000e-02
 1627;2.824000e+00;6.800000e-02
 1628;2.828000e+00;7.000000e-02
 1629;2.832000e+00;6.880000e-02
 1630;2.836000e+00;6.880000e-02
 1631;2.840000e+00;6.960000e-02
 1632;2.844000e+00;6.760000e-02
 1633;2.848000e+00;7.000000e-02
 1634;2.852000e+00;6.880000e-02
 1635;2.856000e+00;6.760000e-02
 1636;2.860000e+00;6.880000e-02
 1637;2.864000e+00;6.880000e-02
 1638;2.868000e+00;6.880000e-02
 1639;2.872000e+00;6.800000e-02
 1640;2.876000e+00;6.800000e-02
 1641;2.880000e+00;6.960000e-02
 1642;2.884000e+00;6.840000e-02
 1643;2.888000e+00;6.920000e-02
 1644;2.892000e+00;6.880000e-02
 1645;2.896000e+00;6.800000e-02
 1646;2.900000e+00;6.880000e-02
 1647;2.904000e+00;6.800000e-02
 1648;2.908000e+00;6.960000e-02
 1649;2.912000e+00;6.840000e-02
 1650;2.916000e+00;6.920000e-02
 1651;2.920000e+00;6.920000e-02
 1652;2.924000e+00;6.880000e-02
 1653;2.928000e+00;6.880000e-02
 1654;2.932000e+00;6.760000e-02
 1655;2.936000e+00;6.920000e-02
 1656;2.940000e+00;6.960000e-02
 1657;2.944000e+00;6.760000e-02
 1658;2.948000e+00;7.040000e-02
 1659;2.952000e+00;6.840000e-02
 1660;2.956000e+00;6.880000e-02
 1661;2.960000e+00;6.960000e-02
 1662;2.964000e+00;6.840000e-02
 1663;2.968000e+00;6.960000e-02
 1664;2.972000e+00;6.800000e-02
 1665;2.976000e+00;6.720000e-02
 1666;2.980000e+00;7.040000e-02
 1667;2.984000e+00;6.880000e-02
 1668;2.988000e+00;6.920000e-02
 1669;2.992000e+00;6.840000e-02
 1670;2.996000e+00;6.880000e-02
 1671;3.000000e+00;7.280000e-02
 1672;3.004000e+00;6.920000e-02
 1673;3.008000e+00;6.960000e-02
 1674;3.012000e+00;6.920000e-02
 1675;3.016000e+00;7.000000e-02
 1676;3.020000e+00;6.960000e-02
 1677;3.024000e+00;6.960000e-02
 1678;3.028000e+00;6.920000e-02
 1679;3.032000e+00;6.840000e-02
 1680;3.036000e+00;6.960000e-02
 1681;3.040000e+00;6.960000e-02
 1682;3.044000e+00;7.000000e-02
 1683;3.048000e+00;6.960000e-02
 1684;3.052000e+00;7.080000e-02
 1685;3.056000e+00;6.840000e-02
 1686;3.060000e+00;7.040000e-02
 1687;3.064000e+00;6.800000e-02
 1688;3.068000e+00;6.920000e-02
 1689;3.072000e+00;6.880000e-02
 1690;3.076000e+00;6.840000e-02
 1691;3.080000e+00;7.080000e-02
 1692;3.084000e+00;6.880000e-02
 1693;3.088000e+00;6.720000e-02
 1694;3.092000e+00;6.840000e-02
 1695;3.096000e+00;6.800000e-02
 1696;3.100000e+00;6.920000e-02
 1697;3.104000e+00;6.920000e-02
 1698;3.108000e+00;6.800000e-02
 1699;3.112000e+00;6.680000e-02
 1700;3.116000e+00;6.800000e-02
 1701;3.120000e+00;6.960000e-02
 1702;3.124000e+00;6.880000e-02
 1703;3.128000e+00;6.920000e-02
 1704;3.132000e+00;6.800000e-02
 1705;3.136000e+00;6.880000e-02
 1706;3.140000e+00;6.920000e-02
 1707;3.144000e+00;6.720000e-02
 1708;3.148000e+00;6.840000e-02
 1709;3.152000e+00;6.880000e-02
 1710;3.156000e+00;6.880000e-02
 1711;3.160000e+00;7.040000e-02
 1712;3.164000e+00;6.920000e-02
 1713;3.168000e+00;7.120000e-02
 1714;3.172000e+00;6.920000e-02
 1715;3.176000e+00;6.920000e-02
 1716;3.180000e+00;7.000000e-02
 1717;3.184000e+00;6.840000e-02
 1718;3.188000e+00;7.240000e-02
 1719;3.192000e+00;6.920000e-02
 1720;3.196000e+00;6.920000e-02
 1721;3.200000e+00;7.040000e-02
 1722;3.204000e+00;6.960000e-02
 1723;3.208000e+00;7.080000e-02
 1724;3.212000e+00;7.000000e-02
 1725;3.216000e+00;6.960000e-02
 1726;3.220000e+00;7.080000e-02
 1727;3.224000e+00;7.000000e-02
 1728;3.228000e+00;7.040000e-02
 1729;3.232000e+00;6.880000e-02
 1730;3.236000e+00;6.880000e-02
 1731;3.240000e+00;7.040000e-02
 1732;3.244000e+00;6.880000e-02
 1733;3.248000e+00;6.960000e-02
 1734;3.252000e+00;6.880000e-02
 1735;3.256000e+00;6.800000e-02
 1736;3.260000e+00;7.080000e-02
 1737;3.264000e+00;6.960000e-02
 1738;3.268000e+00;6.880000e-02
 1739;3.272000e+00;6.880000e-02
 1740;3.276000e+00;6.720000e-02
 1741;3.280000e+00;7.000000e-02
 1742;3.284000e+00;7.080000e-02
 1743;3.288000e+00;6.960000e-02
 1744;3.292000e+00;6.920000e-02
 1745;3.296000e+00;7.120000e-02
 1746;3.300000e+00;7.120000e-02
 1747;3.304000e+00;6.960000e-02
 1748;3.308000e+00;7.160000e-02
 1749;3.312000e+00;6.800000e-02
 1750;3.316000e+00;6.960000e-02
 1751;3.320000e+00;7.000000e-02
 1752;3.324000e+00;6.880000e-02
 1753;3.328000e+00;7.040000e-02
 1754;3.332000e+00;6.960000e-02
 1755;3.336000e+00;7.040000e-02
 1756;3.340000e+00;6.920000e-02
 1757;3.344000e+00;6.960000e-02
 1758;3.348000e+00;7.040000e-02
 1759;3.352000e+00;7.040000e-02
 1760;3.356000e+00;6.920000e-02
 1761;3.360000e+00;7.000000e-02
 1762;3.364000e+00;6.960000e-02
 1763;3.368000e+00;6.920000e-02
 1764;3.372000e+00;7.000000e-02
 1765;3.376000e+00;7.000000e-02
 1766;3.380000e+00;7.200000e-02
 1767;3.384000e+00;6.960000e-02
 1768;3.388000e+00;6.960000e-02
 1769;3.392000e+00;6.920000e-02
 1770;3.396000e+00;6.920000e-02
 1771;3.400000e+00;7.160000e-02
 1772;3.404000e+00;7.080000e-02
 1773;3.408000e+00;6.920000e-02
 1774;3.412000e+00;6.960000e-02
 1775;3.416000e+00;6.920000e-02
 1776;3.420000e+00;7.080000e-02
 1777;3.424000e+00;6.880000e-02
 1778;3.428000e+00;7.120000e-02
 1779;3.432000e+00;6.960000e-02
 1780;3.436000e+00;7.080000e-02
 1781;3.440000e+00;7.160000e-02
 1782;3.444000e+00;6.960000e-02
 1783;3.448000e+00;7.120000e-02
 1784;3.452000e+00;6.960000e-02
 1785;3.456000e+00;7.040000e-02
 1786;3.460000e+00;7.040000e-02
 1787;3.464000e+00;6.840000e-02
 1788;3.468000e+00;7.040000e-02
 1789;3.472000e+00;6.960000e-02
 1790;3.476000e+00;7.080000e-02
 1791;3.480000e+00;7.000000e-02
 1792;3.484000e+00;6.880000e-02
 1793;3.488000e+00;7.040000e-02
 1794;3.492000e+00;6.880000e-02
 1795;3.496000e+00;6.880000e-02
 1796;3.500000e+00;7.000000e-02
 1797;3.504000e+00;6.880000e-02
 1798;3.508000e+00;7.080000e-02
 1799;3.512000e+00;6.920000e-02
 1800;3.516000e+00;6.960000e-02
 1801;3.520000e+00;7.040000e-02
 1802;3.524000e+00;6.840000e-02
 1803;3.528000e+00;7.080000e-02
 1804;3.532000e+00;6.880000e-02
 1805;3.536000e+00;6.880000e-02
 1806;3.540000e+00;7.080000e-02
 1807;3.544000e+00;6.920000e-02
 1808;3.548000e+00;7.080000e-02
 1809;3.552000e+00;6.960000e-02
 1810;3.556000e+00;6.960000e-02
 1811;3.560000e+00;6.960000e-02
 1812;3.564000e+00;6.920000e-02
 1813;3.568000e+00;7.160000e-02
 1814;3.572000e+00;6.920000e-02
 1815;3.576000e+00;7.000000e-02
 1816;3.580000e+00;7.000000e-02
 1817;3.584000e+00;6.960000e-02
 1818;3.588000e+00;7.200000e-02
 1819;3.592000e+00;6.960000e-02
 1820;3.596000e+00;6.920000e-02
 1821;3.600000e+00;6.960000e-02
 1822;3.604000e+00;6.920000e-02
 1823;3.608000e+00;7.120000e-02
 1824;3.612000e+00;6.880000e-02
 1825;3.616000e+00;7.040000e-02
 1826;3.620000e+00;7.000000e-02
 1827;3.624000e+00;7.040000e-02
 1828;3.628000e+00;7.040000e-02
 1829;3.632000e+00;6.920000e-02
 1830;3.636000e+00;7.000000e-02
 1831;3.640000e+00;6.880000e-02
 1832;3.644000e+00;6.920000e-02
 1833;3.648000e+00;6.920000e-02
 1834;3.652000e+00;6.800000e-02
 1835;3.656000e+00;6.960000e-02
 1836;3.660000e+00;7.000000e-02
 1837;3.664000e+00;6.920000e-02
 1838;3.668000e+00;7.080000e-02
 1839;3.672000e+00;7.000000e-02
 1840;3.676000e+00;6.960000e-02
 1841;3.680000e+00;7.040000e-02
 1842;3.684000e+00;6.960000e-02
 1843;3.688000e+00;7.040000e-02
 1844;3.692000e+00;7.120000e-02
 1845;3.696000e+00;7.040000e-02
 1846;3.700000e+00;7.000000e-02
 1847;3.704000e+00;7.000000e-02
 1848;3.708000e+00;7.040000e-02
 1849;3.712000e+00;7.200000e-02
 1850;3.716000e+00;7.080000e-02
 1851;3.720000e+00;7.040000e-02
 1852;3.724000e+00;6.960000e-02
 1853;3.728000e+00;7.040000e-02
 1854;3.732000e+00;6.920000e-02
 1855;3.736000e+00;6.920000e-02
 1856;3.740000e+00;7.000000e-02
 1857;3.744000e+00;6.880000e-02
 1858;3.748000e+00;6.960000e-02
 1859;3.752000e+00;6.920000e-02
 1860;3.756000e+00;6.920000e-02
 1861;3.760000e+00;7.040000e-02
 1862;3.764000e+00;6.800000e-02
 1863;3.768000e+00;7.040000e-02
 1864;3.772000e+00;6.960000e-02
 1865;3.776000e+00;7.040000e-02
 1866;3.780000e+00;7.000000e-02
 1867;3.784000e+00;6.840000e-02
 1868;3.788000e+00;6.960000e-02
 1869;3.792000e+00;6.840000e-02
 1870;3.796000e+00;6.600000e-02
 1871;3.800000e+00;6.880000e-02
 1872;3.804000e+00;6.960000e-02
 1873;3.808000e+00;6.920000e-02
 1874;3.812000e+00;6.800000e-02
 1875;3.816000e+00;6.840000e-02
 1876;3.820000e+00;6.920000e-02
 1877;3.824000e+00;6.840000e-02
 1878;3.828000e+00;6.800000e-02
 1879;3.832000e+00;6.840000e-02
 1880;3.836000e+00;6.840000e-02
 1881;3.840000e+00;6.920000e-02
 1882;3.844000e+00;6.800000e-02
 1883;3.848000e+00;6.880000e-02
 1884;3.852000e+00;7.040000e-02
 1885;3.856000e+00;7.080000e-02
 1886;3.860000e+00;6.920000e-02
 1887;3.864000e+00;6.840000e-02
 1888;3.868000e+00;6.920000e-02
 1889;3.872000e+00;6.880000e-02
 1890;3.876000e+00;7.040000e-02
 1891;3.880000e+00;6.880000e-02
 1892;3.884000e+00;6.600000e-02
 1893;3.888000e+00;7.080000e-02
 1894;3.892000e+00;6.920000e-02
 1895;3.896000e+00;6.920000e-02
 1896;3.900000e+00;7.120000e-02
 1897;3.904000e+00;6.840000e-02
 1898;3.908000e+00;7.400000e-02
 1899;3.912000e+00;6.880000e-02
 1900;3.916000e+00;6.920000e-02
 1901;3.920000e+00;6.960000e-02
 1902;3.924000e+00;6.840000e-02
 1903;3.928000e+00;7.000000e-02
 1904;3.932000e+00;6.920000e-02
 1905;3.936000e+00;6.920000e-02
 1906;3.940000e+00;6.920000e-02
 1907;3.944000e+00;6.760000e-02
 1908;3.948000e+00;7.200000e-02
 1909;3.952000e+00;6.960000e-02
 1910;3.956000e+00;7.000000e-02
 1911;3.960000e+00;7.120000e-02
 1912;3.964000e+00;7.040000e-02
 1913;3.968000e+00;6.920000e-02
 1914;3.972000e+00;7.000000e-02
 1915;3.976000e+00;7.080000e-02
 1916;3.980000e+00;7.000000e-02
 1917;3.984000e+00;7.000000e-02
 1918;3.988000e+00;7.080000e-02
 1919;3.992000e+00;6.920000e-02
 1920;3.996000e+00;6.960000e-02
 1921;4.000000e+00;6.960000e-02
 1922;4.004000e+00;7.000000e-02
 1923;4.008000e+00;7.120000e-02
 1924;4.012000e+00;6.920000e-02
 1925;4.016000e+00;6.800000e-02
 1926;4.020000e+00;6.960000e-02
 1927;4.024000e+00;6.840000e-02
 1928;4.028000e+00;6.960000e-02
 1929;4.032000e+00;6.880000e-02
 1930;4.036000e+00;7.040000e-02
 1931;4.040000e+00;7.040000e-02
 1932;4.044000e+00;6.840000e-02
 1933;4.048000e+00;7.000000e-02
 1934;4.052000e+00;6.920000e-02
 1935;4.056000e+00;6.960000e-02
 1936;4.060000e+00;7.040000e-02
 1937;4.064000e+00;6.840000e-02
 1938;4.068000e+00;7.000000e-02
 1939;4.072000e+00;6.800000e-02
 1940;4.076000e+00;6.920000e-02
 1941;4.080000e+00;6.960000e-02
 1942;4.084000e+00;6.880000e-02
 1943;4.088000e+00;7.000000e-02
 1944;4.092000e+00;6.920000e-02
 1945;4.096000e+00;6.920000e-02
 1946;4.100000e+00;6.960000e-02
 1947;4.104000e+00;6.960000e-02
 1948;4.108000e+00;7.000000e-02
 1949;4.112000e+00;6.880000e-02
 1950;4.116000e+00;6.840000e-02
 1951;4.120000e+00;6.960000e-02
 1952;4.124000e+00;6.760000e-02
 1953;4.128000e+00;6.800000e-02
 1954;4.132000e+00;6.880000e-02
 1955;4.136000e+00;6.960000e-02
 1956;4.140000e+00;6.880000e-02
 1957;4.144000e+00;6.880000e-02
 1958;4.148000e+00;7.080000e-02
 1959;4.152000e+00;6.960000e-02
 1960;4.156000e+00;6.920000e-02
 1961;4.160000e+00;6.920000e-02
 1962;4.164000e+00;6.880000e-02
 1963;4.168000e+00;6.920000e-02
 1964;4.172000e+00;6.880000e-02
 1965;4.176000e+00;6.920000e-02
 1966;4.180000e+00;7.040000e-02
 1967;4.184000e+00;6.880000e-02
 1968;4.188000e+00;6.960000e-02
 1969;4.192000e+00;6.880000e-02
 1970;4.196000e+00;6.880000e-02
 1971;4.200000e+00;7.000000e-02
 1972;4.204000e+00;6.880000e-02
 1973;4.208000e+00;7.000000e-02
 1974;4.212000e+00;6.920000e-02
 1975;4.216000e+00;6.920000e-02
 1976;4.220000e+00;6.920000e-02
 1977;4.224000e+00;6.840000e-02
 1978;4.228000e+00;7.160000e-02
 1979;4.232000e+00;7.000000e-02
 1980;4.236000e+00;6.920000e-02
 1981;4.240000e+00;6.960000e-02
 1982;4.244000e+00;6.720000e-02
 1983;4.248000e+00;7.120000e-02
 1984;4.252000e+00;6.880000e-02
 1985;4.256000e+00;6.920000e-02
 1986;4.260000e+00;7.000000e-02
 1987;4.264000e+00;6.920000e-02
 1988;4.268000e+00;7.120000e-02
 1989;4.272000e+00;6.880000e-02
 1990;4.276000e+00;6.920000e-02
 1991;4.280000e+00;6.880000e-02
 1992;4.284000e+00;6.880000e-02
 1993;4.288000e+00;7.040000e-02
 1994;4.292000e+00;6.880000e-02
 1995;4.296000e+00;6.960000e-02
 1996;4.300000e+00;7.000000e-02
 1997;4.304000e+00;6.840000e-02
 1998;4.308000e+00;7.040000e-02
 1999;4.312000e+00;6.960000e-02
 2000;4.316000e+00;6.880000e-02
 2001;4.320000e+00;6.960000e-02
 2002;4.324000e+00;6.840000e-02
 2003;4.328000e+00;7.040000e-02
 2004;4.332000e+00;6.960000e-02
 2005;4.336000e+00;6.960000e-02
 2006;4.340000e+00;7.000000e-02
 2007;4.344000e+00;6.960000e-02
 2008;4.348000e+00;7.040000e-02
 2009;4.352000e+00;6.920000e-02
 2010;4.356000e+00;7.000000e-02
 2011;4.360000e+00;6.960000e-02
 2012;4.364000e+00;6.840000e-02
 2013;4.368000e+00;7.040000e-02
 2014;4.372000e+00;7.000000e-02
 2015;4.376000e+00;7.000000e-02
 2016;4.380000e+00;6.960000e-02
 2017;4.384000e+00;6.880000e-02
 2018;4.388000e+00;7.000000e-02
 2019;4.392000e+00;6.920000e-02
 2020;4.396000e+00;6.880000e-02
 2021;4.400000e+00;7.080000e-02
 2022;4.404000e+00;7.080000e-02
 2023;4.408000e+00;7.320000e-02
 2024;4.412000e+00;6.920000e-02
 2025;4.416000e+00;7.080000e-02
 2026;4.420000e+00;6.960000e-02
 2027;4.424000e+00;7.040000e-02
 2028;4.428000e+00;7.200000e-02
 2029;4.432000e+00;7.080000e-02
 2030;4.436000e+00;6.960000e-02
 2031;4.440000e+00;7.040000e-02
 2032;4.444000e+00;7.040000e-02
 2033;4.448000e+00;7.080000e-02
 2034;4.452000e+00;7.200000e-02
 2035;4.456000e+00;6.960000e-02
 2036;4.460000e+00;6.920000e-02
 2037;4.464000e+00;6.960000e-02
 2038;4.468000e+00;7.120000e-02
 2039;4.472000e+00;6.920000e-02
 2040;4.476000e+00;7.080000e-02
 2041;4.480000e+00;7.120000e-02
 2042;4.484000e+00;6.960000e-02
 2043;4.488000e+00;7.080000e-02
 2044;4.492000e+00;7.040000e-02
 2045;4.496000e+00;6.920000e-02
 2046;4.500000e+00;7.080000e-02
 2047;4.504000e+00;6.840000e-02
 2048;4.508000e+00;7.080000e-02
 2049;4.512000e+00;6.920000e-02
 2050;4.516000e+00;7.000000e-02
 2051;4.520000e+00;7.040000e-02
 2052;4.524000e+00;6.840000e-02
 2053;4.528000e+00;7.040000e-02
 2054;4.532000e+00;6.880000e-02
 2055;4.536000e+00;7.000000e-02
 2056;4.540000e+00;7.000000e-02
 2057;4.544000e+00;7.000000e-02
 2058;4.548000e+00;7.040000e-02
 2059;4.552000e+00;7.000000e-02
 2060;4.556000e+00;6.960000e-02
 2061;4.560000e+00;6.880000e-02
 2062;4.564000e+00;6.880000e-02
 2063;4.568000e+00;7.120000e-02
 2064;4.572000e+00;7.040000e-02
 2065;4.576000e+00;7.040000e-02
 2066;4.580000e+00;6.960000e-02
 2067;4.584000e+00;6.920000e-02
 2068;4.588000e+00;7.080000e-02
 2069;4.592000e+00;6.880000e-02
 2070;4.596000e+00;6.880000e-02
 2071;4.600000e+00;7.080000e-02
 2072;4.604000e+00;6.800000e-02
 2073;4.608000e+00;7.000000e-02
 2074;4.612000e+00;6.920000e-02
 2075;4.616000e+00;7.040000e-02
 2076;4.620000e+00;7.000000e-02
 2077;4.624000e+00;6.920000e-02
 2078;4.628000e+00;6.960000e-02
 2079;4.632000e+00;6.920000e-02
 2080;4.636000e+00;6.960000e-02
 2081;4.640000e+00;6.920000e-02
 2082;4.644000e+00;6.760000e-02
 2083;4.648000e+00;6.880000e-02
 2084;4.652000e+00;6.880000e-02
 2085;4.656000e+00;6.960000e-02
 2086;4.660000e+00;6.920000e-02
 2087;4.664000e+00;6.880000e-02
 2088;4.668000e+00;6.960000e-02
 2089;4.672000e+00;6.880000e-02
 2090;4.676000e+00;7.040000e-02
 2091;4.680000e+00;6.920000e-02
 2092;4.684000e+00;6.920000e-02
 2093;4.688000e+00;7.000000e-02
 2094;4.692000e+00;6.920000e-02
 2095;4.696000e+00;6.920000e-02
 2096;4.700000e+00;6.880000e-02
 2097;4.704000e+00;6.960000e-02
 2098;4.708000e+00;6.960000e-02
 2099;4.712000e+00;6.960000e-02
 2100;4.716000e+00;6.960000e-02
 2101;4.720000e+00;6.920000e-02
 2102;4.724000e+00;6.920000e-02
 2103;4.728000e+00;7.000000e-02
 2104;4.732000e+00;6.960000e-02
 2105;4.736000e+00;6.920000e-02
 2106;4.740000e+00;6.960000e-02
 2107;4.744000e+00;6.800000e-02
 2108;4.748000e+00;6.920000e-02
 2109;4.752000e+00;6.800000e-02
 2110;4.756000e+00;6.920000e-02
 2111;4.760000e+00;6.720000e-02
 2112;4.764000e+00;6.680000e-02
 2113;4.768000e+00;6.880000e-02
 2114;4.772000e+00;6.800000e-02
 2115;4.776000e+00;7.040000e-02
 2116;4.780000e+00;6.600000e-02
 2117;4.784000e+00;6.640000e-02
 2118;4.788000e+00;6.720000e-02
 2119;4.792000e+00;6.680000e-02
 2120;4.796000e+00;6.720000e-02
 2121;4.800000e+00;6.680000e-02
 2122;4.804000e+00;6.760000e-02
 2123;4.808000e+00;6.840000e-02
 2124;4.812000e+00;6.800000e-02
 2125;4.816000e+00;6.920000e-02
 2126;4.820000e+00;6.720000e-02
 2127;4.824000e+00;6.760000e-02
 2128;4.828000e+00;6.840000e-02
 2129;4.832000e+00;6.960000e-02
 2130;4.836000e+00;6.840000e-02
 2131;4.840000e+00;6.920000e-02
 2132;4.844000e+00;6.800000e-02
 2133;4.848000e+00;7.000000e-02
 2134;4.852000e+00;6.840000e-02
 2135;4.856000e+00;7.040000e-02
 2136;4.860000e+00;6.800000e-02
 2137;4.864000e+00;6.800000e-02
 2138;4.868000e+00;7.160000e-02
 2139;4.872000e+00;6.800000e-02
 2140;4.876000e+00;6.920000e-02
 2141;4.880000e+00;6.960000e-02
 2142;4.884000e+00;6.960000e-02
 2143;4.888000e+00;7.080000e-02
 2144;4.892000e+00;6.960000e-02
 2145;4.896000e+00;7.000000e-02
 2146;4.900000e+00;7.040000e-02
 2147;4.904000e+00;7.000000e-02
 2148;4.908000e+00;7.000000e-02
 2149;4.912000e+00;6.960000e-02
 2150;4.916000e+00;6.960000e-02
 2151;4.920000e+00;7.080000e-02
 2152;4.924000e+00;6.840000e-02
 2153;4.928000e+00;7.120000e-02
 2154;4.932000e+00;6.960000e-02
 2155;4.936000e+00;7.000000e-02
 2156;4.940000e+00;7.120000e-02
 2157;4.944000e+00;6.960000e-02
 2158;4.948000e+00;7.120000e-02
 2159;4.952000e+00;6.960000e-02
 2160;4.956000e+00;7.080000e-02
 2161;4.960000e+00;6.920000e-02
 2162;4.964000e+00;6.800000e-02
 2163;4.968000e+00;7.120000e-02
 2164;4.972000e+00;7.000000e-02
 2165;4.976000e+00;7.160000e-02
 2166;4.980000e+00;7.040000e-02
 2167;4.984000e+00;7.080000e-02
 2168;4.988000e+00;7.280000e-02
 2169;4.992000e+00;7.160000e-02
 2170;4.996000e+00;7.320000e-02
 2171;5.000000e+00;7.160000e-02
 2172;5.004000e+00;7.120000e-02
 2173;5.008000e+00;7.240000e-02
 2174;5.012000e+00;7.160000e-02
 2175;5.016000e+00;7.320000e-02
 2176;5.020000e+00;7.240000e-02
 2177;5.024000e+00;7.240000e-02
 2178;5.028000e+00;7.360000e-02
 2179;5.032000e+00;7.280000e-02
 2180;5.036000e+00;7.320000e-02
 2181;5.040000e+00;7.360000e-02
 2182;5.044000e+00;7.320000e-02
 2183;5.048000e+00;7.360000e-02
 2184;5.052000e+00;7.320000e-02
 2185;5.056000e+00;7.200000e-02
 2186;5.060000e+00;7.200000e-02
 2187;5.064000e+00;7.120000e-02
 2188;5.068000e+00;7.280000e-02
 2189;5.072000e+00;7.240000e-02
 2190;5.076000e+00;7.200000e-02
 2191;5.080000e+00;7.160000e-02
 2192;5.084000e+00;7.080000e-02
 2193;5.088000e+00;7.240000e-02
 2194;5.092000e+00;7.120000e-02
 2195;5.096000e+00;7.160000e-02
 2196;5.100000e+00;7.160000e-02
 2197;5.104000e+00;7.000000e-02
 2198;5.108000e+00;7.080000e-02
 2199;5.112000e+00;7.040000e-02
 2200;5.116000e+00;7.240000e-02
 2201;5.120000e+00;7.040000e-02
 2202;5.124000e+00;7.040000e-02
 2203;5.128000e+00;7.080000e-02
 2204;5.132000e+00;7.040000e-02
 2205;5.136000e+00;7.000000e-02
 2206;5.140000e+00;6.920000e-02
 2207;5.144000e+00;7.000000e-02
 2208;5.148000e+00;7.160000e-02
 2209;5.152000e+00;6.960000e-02
 2210;5.156000e+00;7.040000e-02
 2211;5.160000e+00;6.800000e-02
 2212;5.164000e+00;6.840000e-02
 2213;5.168000e+00;7.040000e-02
 2214;5.172000e+00;6.920000e-02
 2215;5.176000e+00;7.000000e-02
 2216;5.180000e+00;6.960000e-02
 2217;5.184000e+00;6.840000e-02
 2218;5.188000e+00;6.880000e-02
 2219;5.192000e+00;6.880000e-02
 2220;5.196000e+00;6.920000e-02
 2221;5.200000e+00;6.840000e-02
 2222;5.204000e+00;6.840000e-02
 2223;5.208000e+00;6.920000e-02
 2224;5.212000e+00;6.840000e-02
 2225;5.216000e+00;6.880000e-02
 2226;5.220000e+00;6.880000e-02
 2227;5.224000e+00;6.840000e-02
 2228;5.228000e+00;7.040000e-02
 2229;5.232000e+00;6.920000e-02
 2230;5.236000e+00;7.000000e-02
 2231;5.240000e+00;6.800000e-02
 2232;5.244000e+00;6.840000e-02
 2233;5.248000e+00;7.000000e-02
 2234;5.252000e+00;6.960000e-02
 2235;5.256000e+00;6.920000e-02
 2236;5.260000e+00;7.040000e-02
 2237;5.264000e+00;6.880000e-02
 2238;5.268000e+00;7.080000e-02
 2239;5.272000e+00;7.080000e-02
 2240;5.276000e+00;7.040000e-02
 2241;5.280000e+00;6.920000e-02
 2242;5.284000e+00;6.920000e-02
 2243;5.288000e+00;7.120000e-02
 2244;5.292000e+00;6.920000e-02
 2245;5.296000e+00;7.040000e-02
 2246;5.300000e+00;6.960000e-02
 2247;5.304000e+00;6.920000e-02
 2248;5.308000e+00;7.160000e-02
 2249;5.312000e+00;7.040000e-02
 2250;5.316000e+00;7.040000e-02
 2251;5.320000e+00;6.920000e-02
 2252;5.324000e+00;6.960000e-02
 2253;5.328000e+00;7.200000e-02
 2254;5.332000e+00;6.920000e-02
 2255;5.336000e+00;7.080000e-02
 2256;5.340000e+00;7.080000e-02
 2257;5.344000e+00;7.040000e-02
 2258;5.348000e+00;7.040000e-02
 2259;5.352000e+00;6.960000e-02
 2260;5.356000e+00;7.080000e-02
 2261;5.360000e+00;7.160000e-02
 2262;5.364000e+00;7.040000e-02
 2263;5.368000e+00;7.120000e-02
 2264;5.372000e+00;7.200000e-02
 2265;5.376000e+00;7.120000e-02
 2266;5.380000e+00;6.960000e-02
 2267;5.384000e+00;7.120000e-02
 2268;5.388000e+00;7.200000e-02
 2269;5.392000e+00;7.160000e-02
 2270;5.396000e+00;7.280000e-02
 2271;5.400000e+00;7.200000e-02
 2272;5.404000e+00;7.160000e-02
 2273;5.408000e+00;7.320000e-02
 2274;5.412000e+00;7.160000e-02
 2275;5.416000e+00;7.280000e-02
 2276;5.420000e+00;7.080000e-02
 2277;5.424000e+00;7.240000e-02
 2278;5.428000e+00;7.320000e-02
 2279;5.432000e+00;7.160000e-02
 2280;5.436000e+00;7.200000e-02
 2281;5.440000e+00;7.240000e-02
 2282;5.444000e+00;7.080000e-02
 2283;5.448000e+00;7.240000e-02
 2284;5.452000e+00;7.280000e-02
 2285;5.456000e+00;7.280000e-02
 2286;5.460000e+00;7.200000e-02
 2287;5.464000e+00;7.200000e-02
 2288;5.468000e+00;7.440000e-02
 2289;5.472000e+00;7.200000e-02
 2290;5.476000e+00;7.240000e-02
 2291;5.480000e+00;7.240000e-02
 2292;5.484000e+00;7.120000e-02
 2293;5.488000e+00;7.320000e-02
 2294;5.492000e+00;7.280000e-02
 2295;5.496000e+00;7.320000e-02
 2296;5.500000e+00;7.160000e-02
 2297;5.504000e+00;7.200000e-02
 2298;5.508000e+00;7.280000e-02
 2299;5.512000e+00;7.200000e-02
 2300;5.516000e+00;7.280000e-02
 2301;5.520000e+00;7.160000e-02
 2302;5.524000e+00;7.200000e-02
 2303;5.528000e+00;7.400000e-02
 2304;5.532000e+00;7.240000e-02
 2305;5.536000e+00;7.400000e-02
 2306;5.540000e+00;7.640000e-02
 2307;5.544000e+00;7.200000e-02
 2308;5.548000e+00;7.280000e-02
 2309;5.552000e+00;7.160000e-02
 2310;5.556000e+00;7.200000e-02
 2311;5.560000e+00;7.120000e-02
 2312;5.564000e+00;7.160000e-02
 2313;5.568000e+00;7.200000e-02
 2314;5.572000e+00;7.080000e-02
 2315;5.576000e+00;7.280000e-02
 2316;5.580000e+00;7.160000e-02
 2317;5.584000e+00;7.200000e-02
 2318;5.588000e+00;7.200000e-02
 2319;5.592000e+00;7.080000e-02
 2320;5.596000e+00;7.240000e-02
 2321;5.600000e+00;7.200000e-02
 2322;5.604000e+00;7.000000e-02
 2323;5.608000e+00;7.160000e-02
 2324;5.612000e+00;6.720000e-02
 2325;5.616000e+00;7.160000e-02
 2326;5.620000e+00;6.840000e-02
 2327;5.624000e+00;5.000000e-02
 2328;5.628000e+00;2.560000e-02
 2329;5.632000e+00;1.600000e-02
 2330;5.636000e+00;1.480000e-02
 2331;5.640000e+00;1.840000e-02
 2332;5.644000e+00;2.960000e-02
 2333;5.648000e+00;4.040000e-02
 2334;5.652000e+00;2.920000e-02
 2335;5.656000e+00;1.680000e-02
 2336;5.660000e+00;1.360000e-02
 2337;5.664000e+00;1.320000e-02
 2338;5.668000e+00;1.440000e-02
 2339;5.672000e+00;1.280000e-02
 2340;5.676000e+00;1.360000e-02
 2341;5.680000e+00;1.280000e-02
 2342;5.684000e+00;1.320000e-02
 2343;5.688000e+00;1.400000e-02
 2344;5.692000e+00;1.400000e-02
 2345;5.696000e+00;1.400000e-02
 2346;5.700000e+00;1.480000e-02
 2347;5.704000e+00;1.000000e-02
 2348;5.708000e+00;1.200000e-02
 2349;5.712000e+00;1.360000e-02
 2350;5.716000e+00;1.400000e-02
 2351;5.720000e+00;1.160000e-02
 2352;5.724000e+00;1.280000e-02
 2353;5.728000e+00;1.240000e-02
 2354;5.732000e+00;1.360000e-02
 2355;5.736000e+00;1.280000e-02
 2356;5.740000e+00;1.280000e-02
 2357;5.744000e+00;1.240000e-02
 2358;5.748000e+00;1.320000e-02
 2359;5.752000e+00;1.520000e-02
 2360;5.756000e+00;1.320000e-02
 2361;5.760000e+00;1.120000e-02
 2362;5.764000e+00;1.240000e-02
 2363;5.768000e+00;1.440000e-02
 2364;5.772000e+00;1.360000e-02
 2365;5.776000e+00;1.400000e-02
 2366;5.780000e+00;1.240000e-02
 2367;5.784000e+00;1.160000e-02
 2368;5.788000e+00;1.480000e-02
 2369;5.792000e+00;1.400000e-02
 2370;5.796000e+00;1.440000e-02
 2371;5.800000e+00;1.160000e-02
 2372;5.804000e+00;1.240000e-02
 2373;5.808000e+00;1.400000e-02
 2374;5.812000e+00;1.240000e-02
 2375;5.816000e+00;1.400000e-02
 2376;5.820000e+00;1.240000e-02
 2377;5.824000e+00;1.360000e-02
 2378;5.828000e+00;1.400000e-02
 2379;5.832000e+00;1.360000e-02
 2380;5.836000e+00;1.480000e-02
 2381;5.840000e+00;1.200000e-02
 2382;5.844000e+00;1.240000e-02
 2383;5.848000e+00;1.360000e-02
 2384;5.852000e+00;1.320000e-02
 2385;5.856000e+00;1.440000e-02
 2386;5.860000e+00;1.320000e-02
 2387;5.864000e+00;1.360000e-02
 2388;5.868000e+00;1.320000e-02
 2389;5.872000e+00;1.240000e-02
 2390;5.876000e+00;1.280000e-02
 2391;5.880000e+00;1.280000e-02
 2392;5.884000e+00;1.240000e-02
 2393;5.888000e+00;1.400000e-02
 2394;5.892000e+00;1.240000e-02
 2395;5.896000e+00;1.480000e-02
 2396;5.900000e+00;1.160000e-02
 2397;5.904000e+00;1.200000e-02
 2398;5.908000e+00;1.320000e-02
 2399;5.912000e+00;1.320000e-02
 2400;5.916000e+00;1.360000e-02
 2401;5.920000e+00;1.240000e-02
 2402;5.924000e+00;1.240000e-02
 2403;5.928000e+00;1.240000e-02
 2404;5.932000e+00;1.240000e-02
 2405;5.936000e+00;1.400000e-02
 2406;5.940000e+00;1.320000e-02
 2407;5.944000e+00;1.280000e-02
 2408;5.948000e+00;1.320000e-02
 2409;5.952000e+00;1.320000e-02
 2410;5.956000e+00;1.440000e-02
 2411;5.960000e+00;1.200000e-02
 2412;5.964000e+00;1.320000e-02
 2413;5.968000e+00;1.480000e-02
 2414;5.972000e+00;1.200000e-02
 2415;5.976000e+00;1.320000e-02
 2416;5.980000e+00;1.320000e-02
 2417;5.984000e+00;1.280000e-02
 2418;5.988000e+00;1.400000e-02
 2419;5.992000e+00;1.200000e-02
 2420;5.996000e+00;1.320000e-02
 2421;6.000000e+00;1.080000e-02
 2422;6.004000e+00;1.320000e-02
 2423;6.008000e+00;1.280000e-02
 2424;6.012000e+00;1.200000e-02
 2425;6.016000e+00;1.280000e-02
 2426;6.020000e+00;1.280000e-02
 2427;6.024000e+00;1.440000e-02
 2428;6.028000e+00;1.440000e-02
 2429;6.032000e+00;1.240000e-02
 2430;6.036000e+00;1.320000e-02
 2431;6.040000e+00;1.200000e-02
 2432;6.044000e+00;1.280000e-02
 2433;6.048000e+00;1.440000e-02
 2434;6.052000e+00;1.280000e-02
 2435;6.056000e+00;1.280000e-02
 2436;6.060000e+00;1.160000e-02
 2437;6.064000e+00;1.240000e-02
 2438;6.068000e+00;1.400000e-02
 2439;6.072000e+00;1.400000e-02
 2440;6.076000e+00;1.280000e-02
 2441;6.080000e+00;1.200000e-02
 2442;6.084000e+00;1.320000e-02
 2443;6.088000e+00;1.240000e-02
 2444;6.092000e+00;1.240000e-02
 2445;6.096000e+00;1.400000e-02
 2446;6.100000e+00;1.240000e-02
 2447;6.104000e+00;1.440000e-02
 2448;6.108000e+00;1.200000e-02
 2449;6.112000e+00;1.240000e-02
 2450;6.116000e+00;1.280000e-02
 2451;6.120000e+00;1.160000e-02
 2452;6.124000e+00;1.240000e-02
 2453;6.128000e+00;1.360000e-02
 2454;6.132000e+00;1.320000e-02
 2455;6.136000e+00;1.400000e-02
 2456;6.140000e+00;1.240000e-02
 2457;6.144000e+00;1.480000e-02
 2458;6.148000e+00;1.360000e-02
 2459;6.152000e+00;1.320000e-02
 2460;6.156000e+00;1.360000e-02
 2461;6.160000e+00;1.320000e-02
 2462;6.164000e+00;1.360000e-02
 2463;6.168000e+00;1.320000e-02
 2464;6.172000e+00;1.200000e-02
 2465;6.176000e+00;1.400000e-02
 2466;6.180000e+00;1.240000e-02
 2467;6.184000e+00;1.240000e-02
 2468;6.188000e+00;1.440000e-02
 2469;6.192000e+00;1.320000e-02
 2470;6.196000e+00;1.440000e-02
 2471;6.200000e+00;1.320000e-02
 2472;6.204000e+00;1.360000e-02
 2473;6.208000e+00;1.480000e-02
 2474;6.212000e+00;1.360000e-02
 2475;6.216000e+00;1.280000e-02
 2476;6.220000e+00;1.240000e-02
 2477;6.224000e+00;1.240000e-02
 2478;6.228000e+00;1.440000e-02
 2479;6.232000e+00;1.240000e-02
 2480;6.236000e+00;1.320000e-02
 2481;6.240000e+00;1.560000e-02
 2482;6.244000e+00;1.440000e-02
 2483;6.248000e+00;1.320000e-02
 2484;6.252000e+00;1.120000e-02
 2485;6.256000e+00;1.480000e-02
 2486;6.260000e+00;1.240000e-02
 2487;6.264000e+00;1.360000e-02
 2488;6.268000e+00;1.400000e-02
 2489;6.272000e+00;1.240000e-02
 2490;6.276000e+00;1.360000e-02
 2491;6.280000e+00;1.320000e-02
 2492;6.284000e+00;1.440000e-02
 2493;6.288000e+00;1.400000e-02
 2494;6.292000e+00;1.360000e-02
 2495;6.296000e+00;1.320000e-02
 2496;6.300000e+00;1.160000e-02
 2497;6.304000e+00;1.280000e-02
 2498;6.308000e+00;1.320000e-02
 2499;6.312000e+00;1.360000e-02
 2500;6.316000e+00;1.280000e-02
